color [0] [255, 255, 255, 255]
cut [0] [x] [40]
color [0.1] [0, 0, 0, 255]
merge [0.0] [0.1]
cut [1] [x] [80]
color [1.1] [255, 255, 255, 255]
merge [1.0] [1.1]
cut [2] [x] [119]
color [2.1] [0, 0, 0, 255]
merge [2.0] [2.1]
cut [3] [x] [159]
color [3.1] [255, 255, 255, 255]
merge [3.0] [3.1]
cut [4] [x] [198]
color [4.1] [0, 0, 0, 255]
merge [4.0] [4.1]
cut [5] [x] [238]
color [5.1] [255, 255, 255, 255]
merge [5.0] [5.1]
cut [6] [x] [277]
color [6.1] [0, 0, 0, 255]
merge [6.0] [6.1]
cut [7] [x] [317]
color [7.1] [255, 255, 255, 255]
merge [7.0] [7.1]
cut [8] [x] [357]
color [8.1] [0, 74, 173, 255]
merge [8.0] [8.1]
cut [9] [y] [360]
color [9.0] [0, 0, 0, 255]
merge [9.0] [9.1]
cut [10] [40, 360]
color [10.1] [255, 255, 255, 255]
merge [10.2] [10.1]
merge [10.0] [10.3]
merge [11] [12]
cut [13] [80, 360]
color [13.1] [0, 0, 0, 255]
merge [13.2] [13.1]
merge [13.0] [13.3]
merge [14] [15]
cut [16] [119, 360]
color [16.1] [255, 255, 255, 255]
merge [16.2] [16.1]
merge [16.0] [16.3]
merge [17] [18]
cut [19] [159, 360]
color [19.1] [0, 0, 0, 255]
merge [19.2] [19.1]
merge [19.0] [19.3]
merge [20] [21]
cut [22] [198, 360]
color [22.1] [255, 255, 255, 255]
merge [22.2] [22.1]
merge [22.0] [22.3]
merge [23] [24]
cut [25] [238, 360]
color [25.1] [0, 0, 0, 255]
merge [25.2] [25.1]
merge [25.0] [25.3]
merge [26] [27]
cut [28] [277, 360]
color [28.1] [255, 255, 255, 255]
merge [28.2] [28.1]
merge [28.0] [28.3]
merge [29] [30]
cut [31] [317, 360]
color [31.1] [0, 0, 0, 255]
merge [31.2] [31.1]
merge [31.0] [31.3]
merge [32] [33]
cut [34] [357, 360]
color [34.1] [0, 74, 173, 255]
merge [34.2] [34.1]
merge [34.0] [34.3]
merge [35] [36]
cut [37] [y] [320]
color [37.0] [255, 255, 255, 255]
merge [37.0] [37.1]
cut [38] [40, 320]
color [38.1] [0, 0, 0, 255]
merge [38.2] [38.1]
merge [38.0] [38.3]
merge [39] [40]
cut [41] [80, 320]
color [41.1] [255, 255, 255, 255]
merge [41.2] [41.1]
merge [41.0] [41.3]
merge [42] [43]
cut [44] [119, 320]
color [44.1] [0, 0, 0, 255]
merge [44.2] [44.1]
merge [44.0] [44.3]
merge [45] [46]
cut [47] [159, 320]
color [47.1] [255, 255, 255, 255]
merge [47.2] [47.1]
merge [47.0] [47.3]
merge [48] [49]
cut [50] [198, 320]
color [50.1] [0, 0, 0, 255]
merge [50.2] [50.1]
merge [50.0] [50.3]
merge [51] [52]
cut [53] [238, 320]
color [53.1] [255, 255, 255, 255]
merge [53.2] [53.1]
merge [53.0] [53.3]
merge [54] [55]
cut [56] [277, 320]
color [56.1] [0, 0, 0, 255]
merge [56.2] [56.1]
merge [56.0] [56.3]
merge [57] [58]
cut [59] [317, 320]
color [59.1] [255, 255, 255, 255]
merge [59.2] [59.3]
merge [59.0] [59.1]
merge [60] [61]
cut [62] [357, 320]
color [62.1] [0, 74, 173, 255]
merge [62.2] [62.3]
merge [62.0] [62.1]
merge [63] [64]
cut [65] [y] [281]
color [65.0] [0, 0, 0, 255]
merge [65.0] [65.1]
cut [66] [40, 281]
color [66.1] [255, 255, 255, 255]
merge [66.2] [66.1]
merge [66.0] [66.3]
merge [67] [68]
cut [69] [80, 281]
color [69.1] [0, 0, 0, 255]
merge [69.2] [69.1]
merge [69.0] [69.3]
merge [70] [71]
cut [72] [119, 281]
color [72.1] [255, 255, 255, 255]
merge [72.2] [72.1]
merge [72.0] [72.3]
merge [73] [74]
cut [75] [159, 281]
color [75.1] [0, 0, 0, 255]
merge [75.2] [75.1]
merge [75.0] [75.3]
merge [76] [77]
cut [78] [198, 281]
color [78.1] [255, 255, 255, 255]
merge [78.2] [78.1]
merge [78.0] [78.3]
merge [79] [80]
cut [81] [238, 281]
color [81.1] [0, 0, 0, 255]
merge [81.2] [81.1]
merge [81.0] [81.3]
merge [82] [83]
cut [84] [277, 281]
color [84.1] [255, 255, 255, 255]
merge [84.2] [84.3]
merge [84.0] [84.1]
merge [85] [86]
cut [87] [317, 281]
color [87.1] [0, 0, 0, 255]
merge [87.2] [87.3]
merge [87.0] [87.1]
merge [88] [89]
cut [90] [357, 281]
color [90.1] [0, 74, 173, 255]
merge [90.2] [90.3]
merge [90.0] [90.1]
merge [91] [92]
cut [93] [y] [241]
color [93.0] [255, 255, 255, 255]
merge [93.0] [93.1]
cut [94] [40, 241]
color [94.1] [0, 0, 0, 255]
merge [94.2] [94.1]
merge [94.0] [94.3]
merge [95] [96]
cut [97] [80, 241]
color [97.1] [255, 255, 255, 255]
merge [97.2] [97.1]
merge [97.0] [97.3]
merge [98] [99]
cut [100] [119, 241]
color [100.1] [0, 0, 0, 255]
merge [100.2] [100.1]
merge [100.0] [100.3]
merge [101] [102]
cut [103] [159, 241]
color [103.1] [255, 255, 255, 255]
merge [103.2] [103.1]
merge [103.0] [103.3]
merge [104] [105]
cut [106] [198, 241]
color [106.1] [0, 0, 0, 255]
merge [106.2] [106.1]
merge [106.0] [106.3]
merge [107] [108]
cut [109] [238, 241]
color [109.1] [255, 255, 255, 255]
merge [109.2] [109.3]
merge [109.0] [109.1]
merge [110] [111]
cut [112] [277, 241]
color [112.1] [0, 0, 0, 255]
merge [112.2] [112.3]
merge [112.0] [112.1]
merge [113] [114]
cut [115] [317, 241]
color [115.1] [255, 255, 255, 255]
merge [115.2] [115.3]
merge [115.0] [115.1]
merge [116] [117]
cut [118] [357, 241]
color [118.1] [0, 74, 173, 255]
merge [118.2] [118.3]
merge [118.0] [118.1]
merge [119] [120]
cut [121] [y] [202]
color [121.0] [0, 0, 0, 255]
merge [121.0] [121.1]
cut [122] [40, 202]
color [122.1] [255, 255, 255, 255]
merge [122.2] [122.3]
merge [122.0] [122.1]
merge [123] [124]
cut [125] [80, 202]
color [125.1] [0, 0, 0, 255]
merge [125.2] [125.1]
merge [125.0] [125.3]
merge [126] [127]
cut [128] [119, 202]
color [128.1] [255, 255, 255, 255]
merge [128.2] [128.3]
merge [128.0] [128.1]
merge [129] [130]
cut [131] [159, 202]
color [131.1] [0, 0, 0, 255]
merge [131.2] [131.3]
merge [131.0] [131.1]
merge [132] [133]
cut [134] [198, 202]
color [134.1] [255, 255, 255, 255]
merge [134.2] [134.3]
merge [134.0] [134.1]
merge [135] [136]
cut [137] [238, 202]
color [137.1] [0, 0, 0, 255]
merge [137.2] [137.3]
merge [137.0] [137.1]
merge [138] [139]
cut [140] [277, 202]
color [140.1] [255, 255, 255, 255]
merge [140.2] [140.3]
merge [140.0] [140.1]
merge [141] [142]
cut [143] [317, 202]
color [143.1] [0, 0, 0, 255]
merge [143.2] [143.3]
merge [143.0] [143.1]
merge [144] [145]
cut [146] [357, 202]
color [146.1] [0, 74, 173, 255]
merge [146.2] [146.3]
merge [146.0] [146.1]
merge [147] [148]
cut [149] [y] [162]
color [149.0] [255, 255, 255, 255]
merge [149.0] [149.1]
cut [150] [40, 162]
color [150.1] [0, 0, 0, 255]
merge [150.2] [150.3]
merge [150.0] [150.1]
merge [151] [152]
cut [153] [80, 162]
color [153.1] [255, 255, 255, 255]
merge [153.2] [153.3]
merge [153.0] [153.1]
merge [154] [155]
cut [156] [119, 162]
color [156.1] [0, 0, 0, 255]
merge [156.2] [156.3]
merge [156.0] [156.1]
merge [157] [158]
cut [159] [159, 162]
color [159.1] [255, 255, 255, 255]
merge [159.2] [159.3]
merge [159.0] [159.1]
merge [160] [161]
cut [162] [198, 162]
color [162.1] [0, 0, 0, 255]
merge [162.2] [162.1]
merge [162.0] [162.3]
merge [163] [164]
cut [165] [238, 162]
color [165.1] [255, 255, 255, 255]
merge [165.2] [165.3]
merge [165.0] [165.1]
merge [166] [167]
cut [168] [277, 162]
color [168.1] [0, 0, 0, 255]
merge [168.2] [168.3]
merge [168.0] [168.1]
merge [169] [170]
cut [171] [317, 162]
color [171.1] [255, 255, 255, 255]
merge [171.2] [171.3]
merge [171.0] [171.1]
merge [172] [173]
cut [174] [357, 162]
color [174.1] [0, 74, 173, 255]
merge [174.2] [174.3]
merge [174.0] [174.1]
merge [175] [176]
cut [177] [y] [123]
color [177.0] [0, 0, 0, 255]
merge [177.0] [177.1]
cut [178] [40, 123]
color [178.1] [255, 255, 255, 255]
merge [178.2] [178.3]
merge [178.0] [178.1]
merge [179] [180]
cut [181] [80, 123]
color [181.1] [0, 0, 0, 255]
merge [181.2] [181.3]
merge [181.0] [181.1]
merge [182] [183]
cut [184] [119, 123]
color [184.1] [255, 255, 255, 255]
merge [184.2] [184.3]
merge [184.0] [184.1]
merge [185] [186]
cut [187] [159, 123]
color [187.1] [0, 0, 0, 255]
merge [187.2] [187.3]
merge [187.0] [187.1]
merge [188] [189]
cut [190] [198, 123]
color [190.1] [255, 255, 255, 255]
merge [190.2] [190.3]
merge [190.0] [190.1]
merge [191] [192]
cut [193] [238, 123]
color [193.1] [0, 0, 0, 255]
merge [193.2] [193.3]
merge [193.0] [193.1]
merge [194] [195]
cut [196] [277, 123]
color [196.1] [255, 255, 255, 255]
merge [196.2] [196.3]
merge [196.0] [196.1]
merge [197] [198]
cut [199] [317, 123]
color [199.1] [0, 0, 0, 255]
merge [199.2] [199.3]
merge [199.0] [199.1]
merge [200] [201]
cut [202] [357, 123]
color [202.1] [0, 74, 173, 255]
merge [202.2] [202.3]
merge [202.0] [202.1]
merge [203] [204]
cut [205] [y] [83]
color [205.0] [255, 255, 255, 255]
merge [205.0] [205.1]
cut [206] [40, 83]
color [206.1] [0, 0, 0, 255]
merge [206.2] [206.3]
merge [206.0] [206.1]
merge [207] [208]
cut [209] [80, 83]
color [209.1] [255, 255, 255, 255]
merge [209.2] [209.3]
merge [209.0] [209.1]
merge [210] [211]
cut [212] [119, 83]
color [212.1] [0, 0, 0, 255]
merge [212.2] [212.1]
merge [212.0] [212.3]
merge [213] [214]
cut [215] [159, 83]
color [215.1] [255, 255, 255, 255]
merge [215.2] [215.1]
merge [215.0] [215.3]
merge [216] [217]
cut [218] [198, 83]
color [218.1] [0, 0, 0, 255]
merge [218.2] [218.1]
merge [218.0] [218.3]
merge [219] [220]
cut [221] [238, 83]
color [221.1] [255, 255, 255, 255]
merge [221.2] [221.1]
merge [221.0] [221.3]
merge [222] [223]
cut [224] [277, 83]
color [224.1] [0, 0, 0, 255]
merge [224.2] [224.1]
merge [224.0] [224.3]
merge [225] [226]
cut [227] [317, 83]
color [227.1] [0, 74, 173, 255]
merge [227.2] [227.3]
merge [227.0] [227.1]
merge [228] [229]
cut [230] [y] [43]
color [230.0] [0, 74, 173, 255]
merge [230.0] [230.1]
#$8212
