color [0] [255, 255, 255, 255]
cut [0] [259, 360]
color [0.0] [0, 74, 173, 255]
merge [0.2] [0.1]
merge [0.0] [0.3]
merge [1] [2]
cut [3] [139, 360]
color [3.0] [255, 255, 255, 255]
merge [3.2] [3.1]
merge [3.0] [3.3]
merge [4] [5]
cut [6] [239, 335]
color [6.0] [255, 255, 255, 255]
merge [6.2] [6.1]
merge [6.0] [6.3]
merge [7] [8]
cut [9] [219, 335]
color [9.0] [0, 74, 173, 255]
merge [9.2] [9.1]
merge [9.0] [9.3]
merge [10] [11]
cut [12] [179, 335]
color [12.0] [126, 217, 87, 255]
merge [12.2] [12.1]
merge [12.0] [12.3]
merge [13] [14]
cut [15] [159, 335]
color [15.0] [0, 74, 173, 255]
merge [15.2] [15.1]
merge [15.0] [15.3]
merge [16] [17]
cut [18] [139, 335]
color [18.0] [255, 255, 255, 255]
merge [18.2] [18.1]
merge [18.0] [18.3]
merge [19] [20]
cut [21] [323, 312]
color [21.0] [0, 128, 55, 255]
merge [21.2] [21.1]
merge [21.0] [21.3]
merge [22] [23]
cut [24] [283, 312]
color [24.0] [255, 255, 255, 255]
merge [24.2] [24.1]
merge [24.0] [24.3]
merge [25] [26]
cut [27] [259, 312]
color [27.0] [0, 74, 173, 255]
merge [27.2] [27.1]
merge [27.0] [27.3]
merge [28] [29]
cut [30] [139, 312]
color [30.0] [255, 255, 255, 255]
merge [30.2] [30.1]
merge [30.0] [30.3]
merge [31] [32]
cut [33] [239, 291]
color [33.0] [92, 225, 230, 255]
merge [33.2] [33.1]
merge [33.0] [33.3]
merge [34] [35]
cut [36] [219, 291]
color [36.0] [0, 74, 173, 255]
merge [36.2] [36.1]
merge [36.0] [36.3]
merge [37] [38]
cut [39] [172, 291]
color [39.0] [92, 225, 230, 255]
merge [39.2] [39.1]
merge [39.0] [39.3]
merge [40] [41]
cut [42] [159, 291]
color [42.0] [0, 74, 173, 255]
merge [42.2] [42.1]
merge [42.0] [42.3]
merge [43] [44]
cut [45] [139, 291]
color [45.0] [255, 255, 255, 255]
merge [45.2] [45.1]
merge [45.0] [45.3]
merge [46] [47]
cut [48] [219, 281]
color [48.0] [92, 225, 230, 255]
merge [48.2] [48.1]
merge [48.0] [48.3]
merge [49] [50]
cut [51] [159, 281]
color [51.0] [0, 74, 173, 255]
merge [51.2] [51.1]
merge [51.0] [51.3]
merge [52] [53]
cut [54] [139, 281]
color [54.0] [255, 255, 255, 255]
merge [54.2] [54.1]
merge [54.0] [54.3]
merge [55] [56]
cut [57] [283, 265]
color [57.0] [56, 182, 255, 255]
merge [57.2] [57.1]
merge [57.0] [57.3]
merge [58] [59]
cut [60] [259, 265]
color [60.0] [0, 74, 173, 255]
merge [60.2] [60.1]
merge [60.0] [60.3]
merge [61] [62]
cut [63] [139, 265]
color [63.0] [56, 182, 255, 255]
merge [63.2] [63.1]
merge [63.0] [63.3]
merge [64] [65]
cut [66] [103, 265]
color [66.0] [255, 255, 255, 255]
merge [66.2] [66.3]
merge [66.0] [66.1]
merge [67] [68]
cut [69] [259, 240]
color [69.0] [56, 182, 255, 255]
merge [69.2] [69.1]
merge [69.0] [69.3]
merge [70] [71]
cut [72] [117, 240]
color [72.0] [255, 22, 22, 255]
merge [72.2] [72.3]
merge [72.0] [72.1]
merge [73] [74]
cut [75] [77, 240]
color [75.0] [255, 255, 255, 255]
merge [75.2] [75.3]
merge [75.0] [75.1]
merge [76] [77]
cut [78] [323, 218]
color [78.0] [255, 255, 255, 255]
merge [78.2] [78.1]
merge [78.0] [78.3]
merge [79] [80]
cut [81] [303, 218]
color [81.0] [56, 182, 255, 255]
merge [81.2] [81.1]
merge [81.0] [81.3]
merge [82] [83]
cut [84] [117, 218]
color [84.0] [255, 22, 22, 255]
merge [84.2] [84.3]
merge [84.0] [84.1]
merge [85] [86]
cut [87] [77, 218]
color [87.0] [255, 255, 255, 255]
merge [87.2] [87.3]
merge [87.0] [87.1]
merge [88] [89]
cut [90] [276, 145]
color [90.0] [131, 73, 125, 255]
merge [90.2] [90.1]
merge [90.0] [90.3]
merge [91] [92]
cut [93] [249, 145]
color [93.0] [56, 182, 255, 255]
merge [93.2] [93.3]
merge [93.0] [93.1]
merge [94] [95]
cut [96] [103, 145]
color [96.0] [255, 255, 255, 255]
merge [96.2] [96.3]
merge [96.0] [96.1]
merge [97] [98]
cut [99] [303, 138]
color [99.0] [115, 94, 88, 255]
merge [99.2] [99.1]
merge [99.0] [99.3]
merge [100] [101]
cut [102] [276, 138]
color [102.0] [131, 73, 125, 255]
merge [102.2] [102.1]
merge [102.0] [102.3]
merge [103] [104]
cut [105] [249, 138]
color [105.0] [115, 94, 88, 255]
merge [105.2] [105.3]
merge [105.0] [105.1]
merge [106] [107]
cut [108] [103, 138]
color [108.0] [255, 255, 255, 255]
merge [108.2] [108.3]
merge [108.0] [108.1]
merge [109] [110]
cut [111] [303, 121]
color [111.0] [56, 182, 255, 255]
merge [111.2] [111.3]
merge [111.0] [111.1]
merge [112] [113]
cut [114] [276, 121]
color [114.0] [131, 73, 125, 255]
merge [114.2] [114.3]
merge [114.0] [114.1]
merge [115] [116]
cut [117] [249, 121]
color [117.0] [56, 182, 255, 255]
merge [117.2] [117.3]
merge [117.0] [117.1]
merge [118] [119]
cut [120] [103, 121]
color [120.0] [255, 255, 255, 255]
merge [120.2] [120.3]
merge [120.0] [120.1]
merge [121] [122]
cut [123] [276, 114]
color [123.0] [56, 182, 255, 255]
merge [123.2] [123.3]
merge [123.0] [123.1]
merge [124] [125]
cut [126] [103, 114]
color [126.0] [255, 255, 255, 255]
merge [126.2] [126.3]
merge [126.0] [126.1]
merge [127] [128]
cut [129] [303, 107]
color [129.0] [255, 255, 255, 255]
merge [129.2] [129.3]
merge [129.0] [129.1]
merge [130] [131]
cut [132] [268, 107]
color [132.0] [255, 222, 89, 255]
merge [132.2] [132.3]
merge [132.0] [132.1]
merge [133] [134]
cut [135] [229, 107]
color [135.0] [255, 255, 255, 255]
merge [135.2] [135.3]
merge [135.0] [135.1]
merge [136] [137]
cut [138] [179, 107]
color [138.0] [255, 222, 89, 255]
merge [138.2] [138.1]
merge [138.0] [138.3]
merge [139] [140]
cut [141] [139, 107]
color [141.0] [255, 255, 255, 255]
merge [141.2] [141.3]
merge [141.0] [141.1]
merge [142] [143]
cut [144] [268, 50]
color [144.0] [255, 255, 255, 255]
merge [144.2] [144.1]
merge [144.0] [144.3]
merge [145] [146]
#$3297
