color [0] [0, 0, 0, 255]
cut [0] [x] [170]
color [0.1] [126, 217, 87, 255]
merge [0.0] [0.1]
cut [1] [x] [221]
color [1.1] [201, 226, 101, 255]
merge [1.0] [1.1]
cut [2] [x] [323]
color [2.1] [255, 222, 89, 255]
merge [2.0] [2.1]
cut [3] [144, 25]
color [3.2] [0, 74, 173, 255]
merge [3.2] [3.1]
merge [3.0] [3.3]
merge [4] [5]
cut [6] [195, 25]
color [6.2] [126, 217, 87, 255]
merge [6.2] [6.1]
merge [6.0] [6.3]
merge [7] [8]
cut [9] [221, 25]
color [9.2] [0, 0, 0, 255]
merge [9.2] [9.1]
merge [9.0] [9.3]
merge [10] [11]
cut [12] [297, 25]
color [12.2] [255, 22, 22, 255]
merge [12.2] [12.1]
merge [12.0] [12.3]
merge [13] [14]
cut [15] [323, 25]
color [15.2] [0, 0, 0, 255]
merge [15.2] [15.1]
merge [15.0] [15.3]
merge [16] [17]
cut [18] [349, 25]
color [18.2] [255, 222, 89, 255]
merge [18.2] [18.1]
merge [18.0] [18.3]
merge [19] [20]
cut [21] [375, 25]
color [21.2] [94, 23, 235, 255]
merge [21.2] [21.3]
merge [21.0] [21.1]
merge [22] [23]
cut [24] [144, 51]
color [24.2] [217, 217, 217, 255]
merge [24.2] [24.1]
merge [24.0] [24.3]
merge [25] [26]
cut [27] [170, 51]
color [27.2] [0, 74, 173, 255]
merge [27.2] [27.1]
merge [27.0] [27.3]
merge [28] [29]
cut [30] [195, 51]
color [30.2] [0, 0, 0, 255]
merge [30.2] [30.1]
merge [30.0] [30.3]
merge [31] [32]
cut [33] [272, 51]
color [33.2] [255, 22, 22, 255]
merge [33.2] [33.1]
merge [33.0] [33.3]
merge [34] [35]
cut [36] [323, 51]
color [36.2] [126, 217, 87, 255]
merge [36.2] [36.1]
merge [36.0] [36.3]
merge [37] [38]
cut [39] [375, 51]
color [39.2] [94, 23, 235, 255]
merge [39.2] [39.3]
merge [39.0] [39.1]
merge [40] [41]
cut [42] [16, 77]
color [42.2] [201, 226, 101, 255]
merge [42.2] [42.1]
merge [42.0] [42.3]
merge [43] [44]
cut [45] [118, 77]
color [45.2] [217, 217, 217, 255]
merge [45.2] [45.1]
merge [45.0] [45.3]
merge [46] [47]
cut [48] [170, 77]
color [48.2] [0, 0, 0, 255]
merge [48.2] [48.1]
merge [48.0] [48.3]
merge [49] [50]
cut [51] [297, 77]
color [51.2] [255, 22, 22, 255]
merge [51.2] [51.1]
merge [51.0] [51.3]
merge [52] [53]
cut [54] [323, 77]
color [54.2] [0, 0, 0, 255]
merge [54.2] [54.3]
merge [54.0] [54.1]
merge [55] [56]
cut [57] [349, 77]
color [57.2] [126, 217, 87, 255]
merge [57.2] [57.3]
merge [57.0] [57.1]
merge [58] [59]
cut [60] [375, 77]
color [60.2] [94, 23, 235, 255]
merge [60.2] [60.3]
merge [60.0] [60.1]
merge [61] [62]
cut [63] [16, 102]
color [63.2] [0, 0, 0, 255]
merge [63.2] [63.1]
merge [63.0] [63.3]
merge [64] [65]
cut [66] [118, 102]
color [66.2] [94, 23, 235, 255]
merge [66.2] [66.1]
merge [66.0] [66.3]
merge [67] [68]
cut [69] [144, 102]
color [69.2] [217, 217, 217, 255]
merge [69.2] [69.1]
merge [69.0] [69.3]
merge [70] [71]
cut [72] [170, 102]
color [72.2] [255, 22, 22, 255]
merge [72.2] [72.1]
merge [72.0] [72.3]
merge [73] [74]
cut [75] [195, 102]
color [75.2] [0, 0, 0, 255]
merge [75.2] [75.1]
merge [75.0] [75.3]
merge [76] [77]
cut [78] [375, 102]
color [78.2] [94, 23, 235, 255]
merge [78.2] [78.3]
merge [78.0] [78.1]
merge [79] [80]
cut [81] [144, 128]
color [81.2] [255, 22, 22, 255]
merge [81.2] [81.1]
merge [81.0] [81.3]
merge [82] [83]
cut [84] [195, 128]
color [84.2] [0, 0, 0, 255]
merge [84.2] [84.1]
merge [84.0] [84.3]
merge [85] [86]
cut [87] [16, 142]
color [87.2] [0, 74, 173, 255]
merge [87.2] [87.1]
merge [87.0] [87.3]
merge [88] [89]
cut [90] [41, 142]
color [90.2] [255, 145, 77, 255]
merge [90.2] [90.1]
merge [90.0] [90.3]
merge [91] [92]
cut [93] [67, 142]
color [93.2] [0, 0, 0, 255]
merge [93.2] [93.1]
merge [93.0] [93.3]
merge [94] [95]
cut [96] [118, 142]
color [96.2] [94, 23, 235, 255]
merge [96.2] [96.1]
merge [96.0] [96.3]
merge [97] [98]
cut [99] [144, 142]
color [99.2] [255, 22, 22, 255]
merge [99.2] [99.1]
merge [99.0] [99.3]
merge [100] [101]
cut [102] [195, 142]
color [102.2] [0, 0, 0, 255]
merge [102.2] [102.1]
merge [102.0] [102.3]
merge [103] [104]
cut [105] [144, 154]
color [105.2] [0, 0, 0, 255]
merge [105.2] [105.1]
merge [105.0] [105.3]
merge [106] [107]
cut [108] [170, 154]
color [108.2] [255, 22, 22, 255]
merge [108.2] [108.1]
merge [108.0] [108.3]
merge [109] [110]
cut [111] [195, 154]
color [111.2] [0, 0, 0, 255]
merge [111.2] [111.1]
merge [111.0] [111.3]
merge [112] [113]
cut [114] [16, 167]
color [114.2] [0, 0, 0, 255]
merge [114.2] [114.3]
merge [114.0] [114.1]
merge [115] [116]
cut [117] [41, 167]
color [117.2] [94, 23, 235, 255]
merge [117.2] [117.1]
merge [117.0] [117.3]
merge [118] [119]
cut [120] [67, 167]
color [120.2] [0, 0, 0, 255]
merge [120.2] [120.1]
merge [120.0] [120.3]
merge [121] [122]
cut [123] [118, 167]
color [123.2] [94, 23, 235, 255]
merge [123.2] [123.1]
merge [123.0] [123.3]
merge [124] [125]
cut [126] [144, 167]
color [126.2] [0, 0, 0, 255]
merge [126.2] [126.1]
merge [126.0] [126.3]
merge [127] [128]
cut [129] [170, 167]
color [129.2] [255, 22, 22, 255]
merge [129.2] [129.1]
merge [129.0] [129.3]
merge [130] [131]
cut [132] [195, 167]
color [132.2] [0, 0, 0, 255]
merge [132.2] [132.1]
merge [132.0] [132.3]
merge [133] [134]
cut [135] [170, 182]
color [135.2] [0, 0, 0, 255]
merge [135.2] [135.1]
merge [135.0] [135.3]
merge [136] [137]
cut [138] [289, 182]
color [138.2] [0, 74, 173, 255]
merge [138.2] [138.3]
merge [138.0] [138.1]
merge [139] [140]
cut [141] [340, 182]
color [141.2] [0, 0, 0, 255]
merge [141.2] [141.3]
merge [141.0] [141.1]
merge [142] [143]
cut [144] [41, 193]
color [144.2] [0, 0, 0, 255]
merge [144.2] [144.3]
merge [144.0] [144.1]
merge [145] [146]
cut [147] [118, 193]
color [147.2] [94, 23, 235, 255]
merge [147.2] [147.3]
merge [147.0] [147.1]
merge [148] [149]
cut [150] [144, 193]
color [150.2] [0, 0, 0, 255]
merge [150.2] [150.3]
merge [150.0] [150.1]
merge [151] [152]
cut [153] [289, 193]
color [153.2] [0, 74, 173, 255]
merge [153.2] [153.3]
merge [153.0] [153.1]
merge [154] [155]
cut [156] [340, 193]
color [156.2] [0, 0, 0, 255]
merge [156.2] [156.3]
merge [156.0] [156.1]
merge [157] [158]
cut [159] [118, 203]
color [159.2] [0, 0, 0, 255]
merge [159.2] [159.3]
merge [159.0] [159.1]
merge [160] [161]
cut [162] [289, 203]
color [162.2] [0, 74, 173, 255]
merge [162.2] [162.3]
merge [162.0] [162.1]
merge [163] [164]
cut [165] [340, 203]
color [165.2] [0, 0, 0, 255]
merge [165.2] [165.3]
merge [165.0] [165.1]
merge [166] [167]
cut [168] [289, 208]
color [168.2] [217, 217, 217, 255]
merge [168.2] [168.3]
merge [168.0] [168.1]
merge [169] [170]
cut [171] [315, 208]
color [171.2] [0, 74, 173, 255]
merge [171.2] [171.3]
merge [171.0] [171.1]
merge [172] [173]
cut [174] [340, 208]
color [174.2] [0, 0, 0, 255]
merge [174.2] [174.3]
merge [174.0] [174.1]
merge [175] [176]
cut [177] [y] [226]
color [177.1] [201, 226, 101, 255]
merge [177.0] [177.1]
cut [178] [102, 226]
color [178.2] [0, 0, 0, 255]
merge [178.2] [178.3]
merge [178.0] [178.1]
merge [179] [180]
cut [181] [149, 226]
color [181.2] [0, 74, 173, 255]
merge [181.2] [181.3]
merge [181.0] [181.1]
merge [182] [183]
cut [184] [200, 226]
color [184.2] [0, 0, 0, 255]
merge [184.2] [184.1]
merge [184.0] [184.3]
merge [185] [186]
cut [187] [289, 226]
color [187.2] [217, 217, 217, 255]
merge [187.2] [187.3]
merge [187.0] [187.1]
merge [188] [189]
cut [190] [315, 226]
color [190.2] [0, 74, 173, 255]
merge [190.2] [190.3]
merge [190.0] [190.1]
merge [191] [192]
cut [193] [340, 226]
color [193.2] [0, 0, 0, 255]
merge [193.2] [193.3]
merge [193.0] [193.1]
merge [194] [195]
cut [196] [263, 233]
color [196.2] [217, 217, 217, 255]
merge [196.2] [196.3]
merge [196.0] [196.1]
merge [197] [198]
cut [199] [315, 233]
color [199.2] [0, 0, 0, 255]
merge [199.2] [199.3]
merge [199.0] [199.1]
merge [200] [201]
cut [202] [y] [252]
color [202.1] [0, 0, 0, 255]
merge [202.0] [202.1]
cut [203] [149, 252]
color [203.2] [0, 74, 173, 255]
merge [203.2] [203.3]
merge [203.0] [203.1]
merge [204] [205]
cut [206] [200, 252]
color [206.2] [0, 0, 0, 255]
merge [206.2] [206.1]
merge [206.0] [206.3]
merge [207] [208]
cut [209] [263, 252]
color [209.2] [217, 217, 217, 255]
merge [209.2] [209.3]
merge [209.0] [209.1]
merge [210] [211]
cut [212] [315, 252]
color [212.2] [0, 0, 0, 255]
merge [212.2] [212.3]
merge [212.0] [212.1]
merge [213] [214]
cut [215] [263, 259]
color [215.2] [255, 22, 22, 255]
merge [215.2] [215.3]
merge [215.0] [215.1]
merge [216] [217]
cut [218] [289, 259]
color [218.2] [217, 217, 217, 255]
merge [218.2] [218.3]
merge [218.0] [218.1]
merge [219] [220]
cut [221] [315, 259]
color [221.2] [0, 0, 0, 255]
merge [221.2] [221.3]
merge [221.0] [221.1]
merge [222] [223]
cut [224] [67, 284]
color [224.2] [255, 255, 255, 255]
merge [224.2] [224.3]
merge [224.0] [224.1]
merge [225] [226]
cut [227] [93, 284]
color [227.2] [0, 0, 0, 255]
merge [227.2] [227.3]
merge [227.0] [227.1]
merge [228] [229]
cut [230] [149, 284]
color [230.2] [0, 74, 173, 255]
merge [230.2] [230.3]
merge [230.0] [230.1]
merge [231] [232]
cut [233] [200, 284]
color [233.2] [0, 0, 0, 255]
merge [233.2] [233.3]
merge [233.0] [233.1]
merge [234] [235]
cut [236] [238, 284]
color [236.2] [255, 22, 22, 255]
merge [236.2] [236.3]
merge [236.0] [236.1]
merge [237] [238]
cut [239] [289, 284]
color [239.2] [0, 0, 0, 255]
merge [239.2] [239.3]
merge [239.0] [239.1]
merge [240] [241]
cut [242] [149, 303]
color [242.2] [0, 0, 0, 255]
merge [242.2] [242.3]
merge [242.0] [242.1]
merge [243] [244]
cut [245] [238, 303]
color [245.2] [255, 22, 22, 255]
merge [245.2] [245.1]
merge [245.0] [245.3]
merge [246] [247]
cut [248] [289, 303]
color [248.2] [0, 0, 0, 255]
merge [248.2] [248.3]
merge [248.0] [248.1]
merge [249] [250]
cut [251] [41, 310]
color [251.2] [255, 255, 255, 255]
merge [251.2] [251.3]
merge [251.0] [251.1]
merge [252] [253]
cut [254] [93, 310]
color [254.2] [0, 0, 0, 255]
merge [254.2] [254.3]
merge [254.0] [254.1]
merge [255] [256]
cut [257] [263, 310]
color [257.2] [255, 22, 22, 255]
merge [257.2] [257.3]
merge [257.0] [257.1]
merge [258] [259]
cut [260] [289, 310]
color [260.2] [0, 0, 0, 255]
merge [260.2] [260.3]
merge [260.0] [260.1]
merge [261] [262]
cut [263] [41, 336]
color [263.2] [0, 0, 0, 255]
merge [263.2] [263.3]
merge [263.0] [263.1]
merge [264] [265]
cut [266] [67, 336]
color [266.2] [255, 255, 255, 255]
merge [266.2] [266.3]
merge [266.0] [266.1]
merge [267] [268]
cut [269] [93, 336]
color [269.2] [0, 0, 0, 255]
merge [269.2] [269.1]
merge [269.0] [269.3]
merge [270] [271]
cut [272] [67, 362]
color [272.2] [0, 0, 0, 255]
merge [272.2] [272.1]
merge [272.0] [272.3]
merge [273] [274]
#$6550
