color [0] [255, 255, 255, 255]
cut [0] [182, 53]
color [0.2] [182, 182, 182, 255]
merge [0.2] [0.1]
merge [0.0] [0.3]
merge [1] [2]
cut [3] [192, 53]
color [3.2] [156, 156, 156, 255]
merge [3.2] [3.1]
merge [3.0] [3.3]
merge [4] [5]
cut [6] [202, 53]
color [6.2] [209, 209, 209, 255]
merge [6.2] [6.1]
merge [6.0] [6.3]
merge [7] [8]
cut [9] [225, 53]
color [9.2] [255, 255, 255, 255]
merge [9.2] [9.1]
merge [9.0] [9.3]
merge [10] [11]
cut [12] [182, 65]
color [12.2] [255, 255, 255, 255]
merge [12.2] [12.1]
merge [12.0] [12.3]
merge [13] [14]
cut [15] [75, 78]
color [15.2] [0, 0, 0, 255]
merge [15.2] [15.1]
merge [15.0] [15.3]
merge [16] [17]
cut [18] [85, 78]
color [18.2] [255, 255, 255, 255]
merge [18.2] [18.1]
merge [18.0] [18.3]
merge [19] [20]
cut [21] [109, 78]
color [21.2] [0, 0, 0, 255]
merge [21.2] [21.1]
merge [21.0] [21.3]
merge [22] [23]
cut [24] [144, 78]
color [24.2] [255, 255, 255, 255]
merge [24.2] [24.1]
merge [24.0] [24.3]
merge [25] [26]
cut [27] [162, 78]
color [27.2] [0, 0, 0, 255]
merge [27.2] [27.1]
merge [27.0] [27.3]
merge [28] [29]
cut [30] [172, 78]
color [30.2] [255, 255, 255, 255]
merge [30.2] [30.1]
merge [30.0] [30.3]
merge [31] [32]
cut [33] [215, 78]
color [33.2] [0, 0, 0, 255]
merge [33.2] [33.1]
merge [33.0] [33.3]
merge [34] [35]
cut [36] [225, 78]
color [36.2] [255, 255, 255, 255]
merge [36.2] [36.1]
merge [36.0] [36.3]
merge [37] [38]
cut [39] [284, 78]
color [39.2] [0, 0, 0, 255]
merge [39.2] [39.1]
merge [39.0] [39.3]
merge [40] [41]
cut [42] [318, 78]
color [42.2] [187, 187, 187, 255]
merge [42.2] [42.3]
merge [42.0] [42.1]
merge [43] [44]
cut [45] [328, 78]
color [45.2] [255, 255, 255, 255]
merge [45.2] [45.3]
merge [45.0] [45.1]
merge [46] [47]
cut [48] [99, 88]
color [48.2] [0, 0, 0, 255]
merge [48.2] [48.1]
merge [48.0] [48.3]
merge [49] [50]
cut [51] [109, 88]
color [51.2] [255, 255, 255, 255]
merge [51.2] [51.1]
merge [51.0] [51.3]
merge [52] [53]
cut [54] [144, 88]
color [54.2] [128, 128, 128, 255]
merge [54.2] [54.1]
merge [54.0] [54.3]
merge [55] [56]
cut [57] [162, 88]
color [57.2] [0, 0, 0, 255]
merge [57.2] [57.1]
merge [57.0] [57.3]
merge [58] [59]
cut [60] [172, 88]
color [60.2] [255, 255, 255, 255]
merge [60.2] [60.1]
merge [60.0] [60.3]
merge [61] [62]
cut [63] [215, 88]
color [63.2] [0, 0, 0, 255]
merge [63.2] [63.1]
merge [63.0] [63.3]
merge [64] [65]
cut [66] [225, 88]
color [66.2] [255, 255, 255, 255]
merge [66.2] [66.1]
merge [66.0] [66.3]
merge [67] [68]
cut [69] [274, 88]
color [69.2] [0, 0, 0, 255]
merge [69.2] [69.1]
merge [69.0] [69.3]
merge [70] [71]
cut [72] [284, 88]
color [72.2] [255, 255, 255, 255]
merge [72.2] [72.1]
merge [72.0] [72.3]
merge [73] [74]
cut [75] [318, 88]
color [75.2] [0, 0, 0, 255]
merge [75.2] [75.3]
merge [75.0] [75.1]
merge [76] [77]
cut [78] [328, 88]
color [78.2] [255, 255, 255, 255]
merge [78.2] [78.3]
merge [78.0] [78.1]
merge [79] [80]
cut [81] [144, 98]
color [81.2] [255, 255, 255, 255]
merge [81.2] [81.1]
merge [81.0] [81.3]
merge [82] [83]
cut [84] [162, 98]
color [84.2] [0, 0, 0, 255]
merge [84.2] [84.1]
merge [84.0] [84.3]
merge [85] [86]
cut [87] [172, 98]
color [87.2] [255, 255, 255, 255]
merge [87.2] [87.1]
merge [87.0] [87.3]
merge [88] [89]
cut [90] [215, 98]
color [90.2] [0, 0, 0, 255]
merge [90.2] [90.1]
merge [90.0] [90.3]
merge [91] [92]
cut [93] [225, 98]
color [93.2] [255, 255, 255, 255]
merge [93.2] [93.1]
merge [93.0] [93.3]
merge [94] [95]
cut [96] [274, 98]
color [96.2] [0, 0, 0, 255]
merge [96.2] [96.1]
merge [96.0] [96.3]
merge [97] [98]
cut [99] [284, 98]
color [99.2] [255, 255, 255, 255]
merge [99.2] [99.1]
merge [99.0] [99.3]
merge [100] [101]
cut [102] [172, 108]
color [102.2] [0, 0, 0, 255]
merge [102.2] [102.1]
merge [102.0] [102.3]
merge [103] [104]
cut [105] [192, 108]
color [105.2] [255, 255, 255, 255]
merge [105.2] [105.1]
merge [105.0] [105.3]
merge [106] [107]
cut [108] [215, 108]
color [108.2] [0, 0, 0, 255]
merge [108.2] [108.1]
merge [108.0] [108.3]
merge [109] [110]
cut [111] [255, 108]
color [111.2] [255, 255, 255, 255]
merge [111.2] [111.1]
merge [111.0] [111.3]
merge [112] [113]
cut [114] [274, 108]
color [114.2] [0, 0, 0, 255]
merge [114.2] [114.1]
merge [114.0] [114.3]
merge [115] [116]
cut [117] [284, 108]
color [117.2] [255, 255, 255, 255]
merge [117.2] [117.3]
merge [117.0] [117.1]
merge [118] [119]
cut [120] [144, 118]
color [120.2] [127, 127, 127, 255]
merge [120.2] [120.1]
merge [120.0] [120.3]
merge [121] [122]
cut [123] [162, 118]
color [123.2] [0, 0, 0, 255]
merge [123.2] [123.1]
merge [123.0] [123.3]
merge [124] [125]
cut [126] [172, 118]
color [126.2] [255, 255, 255, 255]
merge [126.2] [126.1]
merge [126.0] [126.3]
merge [127] [128]
cut [129] [215, 118]
color [129.2] [0, 0, 0, 255]
merge [129.2] [129.1]
merge [129.0] [129.3]
merge [130] [131]
cut [132] [225, 118]
color [132.2] [255, 255, 255, 255]
merge [132.2] [132.1]
merge [132.0] [132.3]
merge [133] [134]
cut [135] [255, 118]
color [135.2] [84, 84, 84, 255]
merge [135.2] [135.1]
merge [135.0] [135.3]
merge [136] [137]
cut [138] [274, 118]
color [138.2] [0, 0, 0, 255]
merge [138.2] [138.3]
merge [138.0] [138.1]
merge [139] [140]
cut [141] [284, 118]
color [141.2] [255, 255, 255, 255]
merge [141.2] [141.3]
merge [141.0] [141.1]
merge [142] [143]
cut [144] [318, 118]
color [144.2] [0, 0, 0, 255]
merge [144.2] [144.3]
merge [144.0] [144.1]
merge [145] [146]
cut [147] [328, 118]
color [147.2] [255, 255, 255, 255]
merge [147.2] [147.3]
merge [147.0] [147.1]
merge [148] [149]
cut [150] [99, 128]
color [150.2] [255, 255, 255, 255]
merge [150.2] [150.1]
merge [150.0] [150.3]
merge [151] [152]
cut [153] [109, 128]
color [153.2] [0, 0, 0, 255]
merge [153.2] [153.1]
merge [153.0] [153.3]
merge [154] [155]
cut [156] [144, 128]
color [156.2] [255, 255, 255, 255]
merge [156.2] [156.1]
merge [156.0] [156.3]
merge [157] [158]
cut [159] [162, 128]
color [159.2] [0, 0, 0, 255]
merge [159.2] [159.1]
merge [159.0] [159.3]
merge [160] [161]
cut [162] [202, 128]
color [162.2] [255, 255, 255, 255]
merge [162.2] [162.1]
merge [162.0] [162.3]
merge [163] [164]
cut [165] [215, 128]
color [165.2] [0, 0, 0, 255]
merge [165.2] [165.1]
merge [165.0] [165.3]
merge [166] [167]
cut [168] [255, 128]
color [168.2] [255, 255, 255, 255]
merge [168.2] [168.1]
merge [168.0] [168.3]
merge [169] [170]
cut [171] [284, 128]
color [171.2] [0, 0, 0, 255]
merge [171.2] [171.3]
merge [171.0] [171.1]
merge [172] [173]
cut [174] [318, 128]
color [174.2] [187, 187, 187, 255]
merge [174.2] [174.3]
merge [174.0] [174.1]
merge [175] [176]
cut [177] [328, 128]
color [177.2] [255, 255, 255, 255]
merge [177.2] [177.3]
merge [177.0] [177.1]
merge [178] [179]
cut [180] [75, 138]
color [180.2] [255, 255, 255, 255]
merge [180.2] [180.1]
merge [180.0] [180.3]
merge [181] [182]
cut [183] [144, 158]
color [183.2] [94, 94, 94, 255]
merge [183.2] [183.1]
merge [183.0] [183.3]
merge [184] [185]
cut [186] [162, 158]
color [186.2] [0, 0, 0, 255]
merge [186.2] [186.1]
merge [186.0] [186.3]
merge [187] [188]
cut [189] [172, 158]
color [189.2] [255, 255, 255, 255]
merge [189.2] [189.1]
merge [189.0] [189.3]
merge [190] [191]
cut [192] [235, 158]
color [192.2] [0, 0, 0, 255]
merge [192.2] [192.3]
merge [192.0] [192.1]
merge [193] [194]
cut [195] [255, 158]
color [195.2] [212, 212, 212, 255]
merge [195.2] [195.3]
merge [195.0] [195.1]
merge [196] [197]
cut [198] [274, 158]
color [198.2] [255, 255, 255, 255]
merge [198.2] [198.3]
merge [198.0] [198.1]
merge [199] [200]
cut [201] [144, 170]
color [201.2] [255, 255, 255, 255]
merge [201.2] [201.1]
merge [201.0] [201.3]
merge [202] [203]
cut [204] [162, 170]
color [204.2] [0, 0, 0, 255]
merge [204.2] [204.1]
merge [204.0] [204.3]
merge [205] [206]
cut [207] [172, 170]
color [207.2] [26, 26, 26, 255]
merge [207.2] [207.1]
merge [207.0] [207.3]
merge [208] [209]
cut [210] [182, 170]
color [210.2] [255, 255, 255, 255]
merge [210.2] [210.1]
merge [210.0] [210.3]
merge [211] [212]
cut [213] [225, 170]
color [213.2] [0, 0, 0, 255]
merge [213.2] [213.3]
merge [213.0] [213.1]
merge [214] [215]
cut [216] [274, 170]
color [216.2] [255, 255, 255, 255]
merge [216.2] [216.3]
merge [216.0] [216.1]
merge [217] [218]
cut [219] [172, 182]
color [219.2] [0, 0, 0, 255]
merge [219.2] [219.1]
merge [219.0] [219.3]
merge [220] [221]
cut [222] [182, 182]
color [222.2] [255, 255, 255, 255]
merge [222.2] [222.1]
merge [222.0] [222.3]
merge [223] [224]
cut [225] [225, 182]
color [225.2] [0, 0, 0, 255]
merge [225.2] [225.3]
merge [225.0] [225.1]
merge [226] [227]
cut [228] [235, 182]
color [228.2] [255, 255, 255, 255]
merge [228.2] [228.3]
merge [228.0] [228.1]
merge [229] [230]
cut [231] [255, 182]
color [231.2] [214, 214, 214, 255]
merge [231.2] [231.3]
merge [231.0] [231.1]
merge [232] [233]
cut [234] [274, 182]
color [234.2] [255, 255, 255, 255]
merge [234.2] [234.3]
merge [234.0] [234.1]
merge [235] [236]
cut [237] [162, 195]
color [237.2] [255, 255, 255, 255]
merge [237.2] [237.3]
merge [237.0] [237.1]
merge [238] [239]
cut [240] [172, 195]
color [240.2] [0, 0, 0, 255]
merge [240.2] [240.1]
merge [240.0] [240.3]
merge [241] [242]
cut [243] [192, 195]
color [243.2] [255, 255, 255, 255]
merge [243.2] [243.3]
merge [243.0] [243.1]
merge [244] [245]
cut [246] [215, 195]
color [246.2] [1, 1, 1, 255]
merge [246.2] [246.3]
merge [246.0] [246.1]
merge [247] [248]
cut [249] [225, 195]
color [249.2] [255, 255, 255, 255]
merge [249.2] [249.3]
merge [249.0] [249.1]
merge [250] [251]
cut [252] [172, 211]
color [252.2] [26, 26, 26, 255]
merge [252.2] [252.3]
merge [252.0] [252.1]
merge [253] [254]
cut [255] [182, 211]
color [255.2] [0, 0, 0, 255]
merge [255.2] [255.3]
merge [255.0] [255.1]
merge [256] [257]
cut [258] [202, 211]
color [258.2] [255, 255, 255, 255]
merge [258.2] [258.3]
merge [258.0] [258.1]
merge [259] [260]
cut [261] [215, 211]
color [261.2] [1, 1, 1, 255]
merge [261.2] [261.3]
merge [261.0] [261.1]
merge [262] [263]
cut [264] [225, 211]
color [264.2] [255, 255, 255, 255]
merge [264.2] [264.3]
merge [264.0] [264.1]
merge [265] [266]
cut [267] [172, 223]
color [267.2] [255, 255, 255, 255]
merge [267.2] [267.3]
merge [267.0] [267.1]
merge [268] [269]
cut [270] [182, 223]
color [270.2] [0, 0, 0, 255]
merge [270.2] [270.3]
merge [270.0] [270.1]
merge [271] [272]
cut [273] [202, 223]
color [273.2] [255, 255, 255, 255]
merge [273.2] [273.1]
merge [273.0] [273.3]
merge [274] [275]
cut [276] [215, 223]
color [276.2] [1, 1, 1, 255]
merge [276.2] [276.3]
merge [276.0] [276.1]
merge [277] [278]
cut [279] [225, 223]
color [279.2] [255, 255, 255, 255]
merge [279.2] [279.3]
merge [279.0] [279.1]
merge [280] [281]
cut [282] [182, 235]
color [282.2] [255, 255, 255, 255]
merge [282.2] [282.1]
merge [282.0] [282.3]
merge [283] [284]
cut [285] [192, 235]
color [285.2] [0, 0, 0, 255]
merge [285.2] [285.1]
merge [285.0] [285.3]
merge [286] [287]
cut [288] [215, 235]
color [288.2] [133, 133, 133, 255]
merge [288.2] [288.3]
merge [288.0] [288.1]
merge [289] [290]
cut [291] [225, 235]
color [291.2] [255, 255, 255, 255]
merge [291.2] [291.3]
merge [291.0] [291.1]
merge [292] [293]
cut [294] [192, 251]
color [294.2] [31, 31, 31, 255]
merge [294.2] [294.1]
merge [294.0] [294.3]
merge [295] [296]
cut [297] [202, 251]
color [297.2] [0, 0, 0, 255]
merge [297.2] [297.1]
merge [297.0] [297.3]
merge [298] [299]
cut [300] [215, 251]
color [300.2] [255, 255, 255, 255]
merge [300.2] [300.1]
merge [300.0] [300.3]
merge [301] [302]
cut [303] [192, 263]
color [303.2] [255, 255, 255, 255]
merge [303.2] [303.3]
merge [303.0] [303.1]
merge [304] [305]
cut [306] [202, 263]
color [306.2] [0, 0, 0, 255]
merge [306.2] [306.1]
merge [306.0] [306.3]
merge [307] [308]
cut [309] [215, 263]
color [309.2] [255, 255, 255, 255]
merge [309.2] [309.1]
merge [309.0] [309.3]
merge [310] [311]
cut [312] [202, 275]
color [312.2] [35, 35, 35, 255]
merge [312.2] [312.3]
merge [312.0] [312.1]
merge [313] [314]
cut [315] [215, 275]
color [315.2] [255, 255, 255, 255]
merge [315.2] [315.3]
merge [315.0] [315.1]
merge [316] [317]
cut [318] [202, 292]
color [318.2] [255, 255, 255, 255]
merge [318.2] [318.3]
merge [318.0] [318.1]
merge [319] [320]
cut [321] [162, 304]
color [321.2] [0, 0, 0, 255]
merge [321.2] [321.3]
merge [321.0] [321.1]
merge [322] [323]
cut [324] [172, 304]
color [324.2] [255, 255, 255, 255]
merge [324.2] [324.3]
merge [324.0] [324.1]
merge [325] [326]
cut [327] [192, 304]
color [327.2] [0, 0, 0, 255]
merge [327.2] [327.3]
merge [327.0] [327.1]
merge [328] [329]
cut [330] [202, 304]
color [330.2] [255, 255, 255, 255]
merge [330.2] [330.3]
merge [330.0] [330.1]
merge [331] [332]
cut [333] [172, 316]
color [333.2] [0, 0, 0, 255]
merge [333.2] [333.1]
merge [333.0] [333.3]
merge [334] [335]
cut [336] [192, 316]
color [336.2] [189, 189, 189, 255]
merge [336.2] [336.1]
merge [336.0] [336.3]
merge [337] [338]
cut [339] [202, 316]
color [339.2] [255, 255, 255, 255]
merge [339.2] [339.1]
merge [339.0] [339.3]
merge [340] [341]
cut [342] [162, 332]
color [342.2] [255, 255, 255, 255]
merge [342.2] [342.1]
merge [342.0] [342.3]
merge [343] [344]
#$11716
