color [0] [255, 255, 255, 255]
cut [0] [349, 135]
color [0.3] [10, 10, 10, 255]
merge [0.2] [0.1]
merge [0.0] [0.3]
merge [1] [2]
cut [3] [342, 135]
color [3.3] [128, 128, 128, 255]
merge [3.2] [3.1]
merge [3.0] [3.3]
merge [4] [5]
cut [6] [335, 135]
color [6.3] [255, 255, 255, 255]
merge [6.2] [6.1]
merge [6.0] [6.3]
merge [7] [8]
cut [9] [325, 135]
color [9.3] [126, 126, 126, 255]
merge [9.2] [9.1]
merge [9.0] [9.3]
merge [10] [11]
cut [12] [318, 135]
color [12.3] [55, 55, 55, 255]
merge [12.2] [12.1]
merge [12.0] [12.3]
merge [13] [14]
cut [15] [306, 135]
color [15.3] [127, 127, 127, 255]
merge [15.2] [15.1]
merge [15.0] [15.3]
merge [16] [17]
cut [18] [299, 135]
color [18.3] [255, 255, 255, 255]
merge [18.2] [18.1]
merge [18.0] [18.3]
merge [19] [20]
cut [21] [292, 135]
color [21.3] [123, 123, 123, 255]
merge [21.2] [21.1]
merge [21.0] [21.3]
merge [22] [23]
cut [24] [285, 135]
color [24.3] [156, 156, 156, 255]
merge [24.2] [24.1]
merge [24.0] [24.3]
merge [25] [26]
cut [27] [276, 135]
color [27.3] [19, 19, 19, 255]
merge [27.2] [27.1]
merge [27.0] [27.3]
merge [28] [29]
cut [30] [269, 135]
color [30.3] [116, 116, 116, 255]
merge [30.2] [30.1]
merge [30.0] [30.3]
merge [31] [32]
cut [33] [262, 135]
color [33.3] [145, 145, 145, 255]
merge [33.2] [33.1]
merge [33.0] [33.3]
merge [34] [35]
cut [36] [253, 135]
color [36.3] [255, 255, 255, 255]
merge [36.2] [36.1]
merge [36.0] [36.3]
merge [37] [38]
cut [39] [234, 135]
color [39.3] [106, 106, 106, 255]
merge [39.2] [39.1]
merge [39.0] [39.3]
merge [40] [41]
cut [42] [227, 135]
color [42.3] [255, 255, 255, 255]
merge [42.2] [42.1]
merge [42.0] [42.3]
merge [43] [44]
cut [45] [198, 135]
color [45.3] [137, 137, 137, 255]
merge [45.2] [45.1]
merge [45.0] [45.3]
merge [46] [47]
cut [48] [191, 135]
color [48.3] [0, 0, 0, 255]
merge [48.2] [48.1]
merge [48.0] [48.3]
merge [49] [50]
cut [51] [154, 135]
color [51.3] [255, 255, 255, 255]
merge [51.2] [51.1]
merge [51.0] [51.3]
merge [52] [53]
cut [54] [107, 135]
color [54.3] [0, 0, 0, 255]
merge [54.2] [54.3]
merge [54.0] [54.1]
merge [55] [56]
cut [57] [77, 135]
color [57.3] [255, 255, 255, 255]
merge [57.2] [57.3]
merge [57.0] [57.1]
merge [58] [59]
cut [60] [349, 145]
color [60.3] [255, 255, 255, 255]
merge [60.2] [60.1]
merge [60.0] [60.3]
merge [61] [62]
cut [63] [292, 145]
color [63.3] [123, 123, 123, 255]
merge [63.2] [63.1]
merge [63.0] [63.3]
merge [64] [65]
cut [66] [285, 145]
color [66.3] [255, 255, 255, 255]
merge [66.2] [66.1]
merge [66.0] [66.3]
merge [67] [68]
cut [69] [276, 145]
color [69.3] [188, 188, 188, 255]
merge [69.2] [69.1]
merge [69.0] [69.3]
merge [70] [71]
cut [72] [269, 145]
color [72.3] [255, 255, 255, 255]
merge [72.2] [72.1]
merge [72.0] [72.3]
merge [73] [74]
cut [75] [198, 145]
color [75.3] [1, 1, 1, 255]
merge [75.2] [75.1]
merge [75.0] [75.3]
merge [76] [77]
cut [78] [191, 145]
color [78.3] [255, 255, 255, 255]
merge [78.2] [78.1]
merge [78.0] [78.3]
merge [79] [80]
cut [81] [171, 145]
color [81.3] [0, 0, 0, 255]
merge [81.2] [81.1]
merge [81.0] [81.3]
merge [82] [83]
cut [84] [141, 145]
color [84.3] [255, 255, 255, 255]
merge [84.2] [84.3]
merge [84.0] [84.1]
merge [85] [86]
cut [87] [114, 145]
color [87.3] [0, 0, 0, 255]
merge [87.2] [87.3]
merge [87.0] [87.1]
merge [88] [89]
cut [90] [91, 145]
color [90.3] [46, 47, 46, 255]
merge [90.2] [90.3]
merge [90.0] [90.1]
merge [91] [92]
cut [93] [84, 145]
color [93.3] [255, 255, 255, 255]
merge [93.2] [93.3]
merge [93.0] [93.1]
merge [94] [95]
cut [96] [292, 154]
color [96.3] [255, 255, 255, 255]
merge [96.2] [96.1]
merge [96.0] [96.3]
merge [97] [98]
cut [99] [198, 154]
color [99.3] [1, 1, 1, 255]
merge [99.2] [99.1]
merge [99.0] [99.3]
merge [100] [101]
cut [102] [191, 154]
color [102.3] [255, 255, 255, 255]
merge [102.2] [102.1]
merge [102.0] [102.3]
merge [103] [104]
cut [105] [161, 154]
color [105.3] [0, 0, 0, 255]
merge [105.2] [105.3]
merge [105.0] [105.1]
merge [106] [107]
cut [108] [141, 154]
color [108.3] [202, 202, 202, 255]
merge [108.2] [108.3]
merge [108.0] [108.1]
merge [109] [110]
cut [111] [134, 154]
color [111.3] [255, 255, 255, 255]
merge [111.2] [111.3]
merge [111.0] [111.1]
merge [112] [113]
cut [114] [114, 154]
color [114.3] [0, 0, 0, 255]
merge [114.2] [114.3]
merge [114.0] [114.1]
merge [115] [116]
cut [117] [91, 154]
color [117.3] [255, 255, 255, 255]
merge [117.2] [117.3]
merge [117.0] [117.1]
merge [118] [119]
cut [120] [342, 161]
color [120.3] [1, 1, 1, 255]
merge [120.2] [120.1]
merge [120.0] [120.3]
merge [121] [122]
cut [123] [285, 161]
color [123.3] [255, 255, 255, 255]
merge [123.2] [123.1]
merge [123.0] [123.3]
merge [124] [125]
cut [126] [276, 161]
color [126.3] [2, 2, 2, 255]
merge [126.2] [126.1]
merge [126.0] [126.3]
merge [127] [128]
cut [129] [262, 161]
color [129.3] [255, 255, 255, 255]
merge [129.2] [129.1]
merge [129.0] [129.3]
merge [130] [131]
cut [132] [253, 161]
color [132.3] [0, 0, 0, 255]
merge [132.2] [132.1]
merge [132.0] [132.3]
merge [133] [134]
cut [135] [227, 161]
color [135.3] [255, 255, 255, 255]
merge [135.2] [135.1]
merge [135.0] [135.3]
merge [136] [137]
cut [138] [198, 161]
color [138.3] [109, 109, 109, 255]
merge [138.2] [138.1]
merge [138.0] [138.3]
merge [139] [140]
cut [141] [191, 161]
color [141.3] [255, 255, 255, 255]
merge [141.2] [141.1]
merge [141.0] [141.3]
merge [142] [143]
cut [144] [161, 161]
color [144.3] [0, 0, 0, 255]
merge [144.2] [144.3]
merge [144.0] [144.1]
merge [145] [146]
cut [147] [141, 161]
color [147.3] [27, 28, 27, 255]
merge [147.2] [147.3]
merge [147.0] [147.1]
merge [148] [149]
cut [150] [134, 161]
color [150.3] [255, 255, 255, 255]
merge [150.2] [150.3]
merge [150.0] [150.1]
merge [151] [152]
cut [153] [124, 161]
color [153.3] [172, 172, 172, 255]
merge [153.2] [153.3]
merge [153.0] [153.1]
merge [154] [155]
cut [156] [114, 161]
color [156.3] [0, 0, 0, 255]
merge [156.2] [156.3]
merge [156.0] [156.1]
merge [157] [158]
cut [159] [91, 161]
color [159.3] [255, 255, 255, 255]
merge [159.2] [159.3]
merge [159.0] [159.1]
merge [160] [161]
cut [162] [342, 168]
color [162.3] [255, 255, 255, 255]
merge [162.2] [162.1]
merge [162.0] [162.3]
merge [163] [164]
cut [165] [325, 168]
color [165.3] [115, 115, 115, 255]
merge [165.2] [165.1]
merge [165.0] [165.3]
merge [166] [167]
cut [168] [318, 168]
color [168.3] [254, 254, 254, 255]
merge [168.2] [168.1]
merge [168.0] [168.3]
merge [169] [170]
cut [171] [292, 168]
color [171.3] [1, 1, 1, 255]
merge [171.2] [171.1]
merge [171.0] [171.3]
merge [172] [173]
cut [174] [276, 168]
color [174.3] [254, 254, 254, 255]
merge [174.2] [174.1]
merge [174.0] [174.3]
merge [175] [176]
cut [177] [269, 168]
color [177.3] [232, 232, 232, 255]
merge [177.2] [177.1]
merge [177.0] [177.3]
merge [178] [179]
cut [180] [262, 168]
color [180.3] [3, 3, 3, 255]
merge [180.2] [180.1]
merge [180.0] [180.3]
merge [181] [182]
cut [183] [253, 168]
color [183.3] [255, 255, 255, 255]
merge [183.2] [183.1]
merge [183.0] [183.3]
merge [184] [185]
cut [186] [234, 168]
color [186.3] [0, 0, 0, 255]
merge [186.2] [186.1]
merge [186.0] [186.3]
merge [187] [188]
cut [189] [227, 168]
color [189.3] [255, 255, 255, 255]
merge [189.2] [189.1]
merge [189.0] [189.3]
merge [190] [191]
cut [192] [191, 168]
color [192.3] [0, 0, 0, 255]
merge [192.2] [192.1]
merge [192.0] [192.3]
merge [193] [194]
cut [195] [178, 168]
color [195.3] [255, 255, 255, 255]
merge [195.2] [195.3]
merge [195.0] [195.1]
merge [196] [197]
cut [198] [161, 168]
color [198.3] [117, 117, 117, 255]
merge [198.2] [198.3]
merge [198.0] [198.1]
merge [199] [200]
cut [201] [154, 168]
color [201.3] [0, 0, 0, 255]
merge [201.2] [201.3]
merge [201.0] [201.1]
merge [202] [203]
cut [204] [134, 168]
color [204.3] [255, 255, 255, 255]
merge [204.2] [204.3]
merge [204.0] [204.1]
merge [205] [206]
cut [207] [124, 168]
color [207.3] [0, 0, 0, 255]
merge [207.2] [207.3]
merge [207.0] [207.1]
merge [208] [209]
cut [210] [100, 168]
color [210.3] [115, 116, 115, 255]
merge [210.2] [210.3]
merge [210.0] [210.1]
merge [211] [212]
cut [213] [91, 168]
color [213.3] [255, 255, 255, 255]
merge [213.2] [213.3]
merge [213.0] [213.1]
merge [214] [215]
cut [216] [335, 175]
color [216.3] [186, 186, 186, 255]
merge [216.2] [216.1]
merge [216.0] [216.3]
merge [217] [218]
cut [219] [325, 175]
color [219.3] [254, 254, 254, 255]
merge [219.2] [219.1]
merge [219.0] [219.3]
merge [220] [221]
cut [222] [299, 175]
color [222.3] [190, 190, 190, 255]
merge [222.2] [222.1]
merge [222.0] [222.3]
merge [223] [224]
cut [225] [292, 175]
color [225.3] [255, 255, 255, 255]
merge [225.2] [225.1]
merge [225.0] [225.3]
merge [226] [227]
cut [228] [285, 175]
color [228.3] [1, 1, 1, 255]
merge [228.2] [228.1]
merge [228.0] [228.3]
merge [229] [230]
cut [231] [276, 175]
color [231.3] [210, 210, 210, 255]
merge [231.2] [231.3]
merge [231.0] [231.1]
merge [232] [233]
cut [234] [269, 175]
color [234.3] [186, 186, 186, 255]
merge [234.2] [234.3]
merge [234.0] [234.1]
merge [235] [236]
cut [237] [262, 175]
color [237.3] [3, 3, 3, 255]
merge [237.2] [237.3]
merge [237.0] [237.1]
merge [238] [239]
cut [240] [253, 175]
color [240.3] [255, 255, 255, 255]
merge [240.2] [240.1]
merge [240.0] [240.3]
merge [241] [242]
cut [243] [246, 175]
color [243.3] [210, 210, 210, 255]
merge [243.2] [243.1]
merge [243.0] [243.3]
merge [244] [245]
cut [246] [234, 175]
color [246.3] [255, 255, 255, 255]
merge [246.2] [246.1]
merge [246.0] [246.3]
merge [247] [248]
cut [249] [161, 175]
color [249.3] [180, 180, 180, 255]
merge [249.2] [249.3]
merge [249.0] [249.1]
merge [250] [251]
cut [252] [154, 175]
color [252.3] [0, 0, 0, 255]
merge [252.2] [252.3]
merge [252.0] [252.1]
merge [253] [254]
cut [255] [100, 175]
color [255.3] [255, 255, 255, 255]
merge [255.2] [255.3]
merge [255.0] [255.1]
merge [256] [257]
cut [258] [342, 187]
color [258.3] [2, 2, 2, 255]
merge [258.2] [258.1]
merge [258.0] [258.3]
merge [259] [260]
cut [261] [335, 187]
color [261.3] [254, 254, 254, 255]
merge [261.2] [261.1]
merge [261.0] [261.3]
merge [262] [263]
cut [264] [325, 187]
color [264.3] [143, 143, 143, 255]
merge [264.2] [264.1]
merge [264.0] [264.3]
merge [265] [266]
cut [267] [318, 187]
color [267.3] [9, 9, 9, 255]
merge [267.2] [267.1]
merge [267.0] [267.3]
merge [268] [269]
cut [270] [306, 187]
color [270.3] [254, 254, 254, 255]
merge [270.2] [270.1]
merge [270.0] [270.3]
merge [271] [272]
cut [273] [292, 187]
color [273.3] [1, 1, 1, 255]
merge [273.2] [273.3]
merge [273.0] [273.1]
merge [274] [275]
cut [276] [276, 187]
color [276.3] [254, 254, 254, 255]
merge [276.2] [276.3]
merge [276.0] [276.1]
merge [277] [278]
cut [279] [262, 187]
color [279.3] [3, 3, 3, 255]
merge [279.2] [279.3]
merge [279.0] [279.1]
merge [280] [281]
cut [282] [246, 187]
color [282.3] [254, 254, 254, 255]
merge [282.2] [282.3]
merge [282.0] [282.1]
merge [283] [284]
cut [285] [234, 187]
color [285.3] [3, 3, 3, 255]
merge [285.2] [285.1]
merge [285.0] [285.3]
merge [286] [287]
cut [288] [227, 187]
color [288.3] [255, 255, 255, 255]
merge [288.2] [288.1]
merge [288.0] [288.3]
merge [289] [290]
cut [291] [191, 187]
color [291.3] [39, 40, 39, 255]
merge [291.2] [291.3]
merge [291.0] [291.1]
merge [292] [293]
cut [294] [178, 187]
color [294.3] [255, 255, 255, 255]
merge [294.2] [294.3]
merge [294.0] [294.1]
merge [295] [296]
cut [297] [171, 187]
color [297.3] [0, 0, 0, 255]
merge [297.2] [297.3]
merge [297.0] [297.1]
merge [298] [299]
cut [300] [100, 187]
color [300.3] [255, 255, 255, 255]
merge [300.2] [300.3]
merge [300.0] [300.1]
merge [301] [302]
cut [303] [342, 194]
color [303.3] [255, 255, 255, 255]
merge [303.2] [303.3]
merge [303.0] [303.1]
merge [304] [305]
cut [306] [335, 194]
color [306.3] [2, 2, 2, 255]
merge [306.2] [306.3]
merge [306.0] [306.1]
merge [307] [308]
cut [309] [325, 194]
color [309.3] [162, 162, 162, 255]
merge [309.2] [309.1]
merge [309.0] [309.3]
merge [310] [311]
cut [312] [318, 194]
color [312.3] [255, 255, 255, 255]
merge [312.2] [312.1]
merge [312.0] [312.3]
merge [313] [314]
cut [315] [306, 194]
color [315.3] [3, 3, 3, 255]
merge [315.2] [315.3]
merge [315.0] [315.1]
merge [316] [317]
cut [318] [292, 194]
color [318.3] [255, 255, 255, 255]
merge [318.2] [318.3]
merge [318.0] [318.1]
merge [319] [320]
cut [321] [276, 194]
color [321.3] [3, 3, 3, 255]
merge [321.2] [321.3]
merge [321.0] [321.1]
merge [322] [323]
cut [324] [262, 194]
color [324.3] [255, 255, 255, 255]
merge [324.2] [324.3]
merge [324.0] [324.1]
merge [325] [326]
cut [327] [246, 194]
color [327.3] [1, 1, 1, 255]
merge [327.2] [327.3]
merge [327.0] [327.1]
merge [328] [329]
cut [330] [234, 194]
color [330.3] [255, 255, 255, 255]
merge [330.2] [330.1]
merge [330.0] [330.3]
merge [331] [332]
cut [333] [191, 194]
color [333.3] [71, 71, 71, 255]
merge [333.2] [333.3]
merge [333.0] [333.1]
merge [334] [335]
cut [336] [178, 194]
color [336.3] [0, 0, 0, 255]
merge [336.2] [336.3]
merge [336.0] [336.1]
merge [337] [338]
cut [339] [107, 194]
color [339.3] [200, 200, 200, 255]
merge [339.2] [339.3]
merge [339.0] [339.1]
merge [340] [341]
cut [342] [100, 194]
color [342.3] [255, 255, 255, 255]
merge [342.2] [342.3]
merge [342.0] [342.1]
merge [343] [344]
cut [345] [335, 201]
color [345.3] [255, 255, 255, 255]
merge [345.2] [345.3]
merge [345.0] [345.1]
merge [346] [347]
cut [348] [205, 201]
color [348.3] [170, 171, 170, 255]
merge [348.2] [348.3]
merge [348.0] [348.1]
merge [349] [350]
cut [351] [198, 201]
color [351.3] [255, 255, 255, 255]
merge [351.2] [351.3]
merge [351.0] [351.1]
merge [352] [353]
cut [354] [191, 201]
color [354.3] [0, 0, 0, 255]
merge [354.2] [354.3]
merge [354.0] [354.1]
merge [355] [356]
cut [357] [107, 201]
color [357.3] [255, 255, 255, 255]
merge [357.2] [357.3]
merge [357.0] [357.1]
merge [358] [359]
cut [360] [325, 210]
color [360.3] [0, 0, 0, 255]
merge [360.2] [360.3]
merge [360.0] [360.1]
merge [361] [362]
cut [363] [318, 210]
color [363.3] [255, 255, 255, 255]
merge [363.2] [363.3]
merge [363.0] [363.1]
merge [364] [365]
cut [366] [292, 210]
color [366.3] [0, 0, 0, 255]
merge [366.2] [366.3]
merge [366.0] [366.1]
merge [367] [368]
cut [369] [285, 210]
color [369.3] [255, 255, 255, 255]
merge [369.2] [369.3]
merge [369.0] [369.1]
merge [370] [371]
cut [372] [276, 210]
color [372.3] [1, 1, 1, 255]
merge [372.2] [372.3]
merge [372.0] [372.1]
merge [373] [374]
cut [375] [253, 210]
color [375.3] [255, 255, 255, 255]
merge [375.2] [375.3]
merge [375.0] [375.1]
merge [376] [377]
cut [378] [246, 210]
color [378.3] [3, 3, 3, 255]
merge [378.2] [378.3]
merge [378.0] [378.1]
merge [379] [380]
cut [381] [234, 210]
color [381.3] [84, 84, 84, 255]
merge [381.2] [381.3]
merge [381.0] [381.1]
merge [382] [383]
cut [384] [227, 210]
color [384.3] [255, 255, 255, 255]
merge [384.2] [384.3]
merge [384.0] [384.1]
merge [385] [386]
cut [387] [198, 210]
color [387.3] [0, 0, 0, 255]
merge [387.2] [387.3]
merge [387.0] [387.1]
merge [388] [389]
cut [390] [114, 210]
color [390.3] [36, 37, 36, 255]
merge [390.2] [390.3]
merge [390.0] [390.1]
merge [391] [392]
cut [393] [107, 210]
color [393.3] [255, 255, 255, 255]
merge [393.2] [393.3]
merge [393.0] [393.1]
merge [394] [395]
cut [396] [276, 217]
color [396.3] [255, 255, 255, 255]
merge [396.2] [396.3]
merge [396.0] [396.1]
merge [397] [398]
cut [399] [253, 217]
color [399.3] [0, 0, 0, 255]
merge [399.2] [399.3]
merge [399.0] [399.1]
merge [400] [401]
cut [402] [246, 217]
color [402.3] [255, 255, 255, 255]
merge [402.2] [402.3]
merge [402.0] [402.1]
merge [403] [404]
cut [405] [198, 217]
color [405.3] [0, 0, 0, 255]
merge [405.2] [405.3]
merge [405.0] [405.1]
merge [406] [407]
cut [408] [114, 217]
color [408.3] [255, 255, 255, 255]
merge [408.2] [408.3]
merge [408.0] [408.1]
merge [409] [410]
cut [411] [342, 229]
color [411.3] [0, 0, 0, 255]
merge [411.2] [411.3]
merge [411.0] [411.1]
merge [412] [413]
cut [414] [318, 229]
color [414.3] [255, 255, 255, 255]
merge [414.2] [414.3]
merge [414.0] [414.1]
merge [415] [416]
cut [417] [306, 229]
color [417.3] [0, 0, 0, 255]
merge [417.2] [417.3]
merge [417.0] [417.1]
merge [418] [419]
cut [420] [285, 229]
color [420.3] [255, 255, 255, 255]
merge [420.2] [420.3]
merge [420.0] [420.1]
merge [421] [422]
cut [423] [253, 229]
color [423.3] [0, 0, 0, 255]
merge [423.2] [423.3]
merge [423.0] [423.1]
merge [424] [425]
cut [426] [246, 229]
color [426.3] [255, 255, 255, 255]
merge [426.2] [426.3]
merge [426.0] [426.1]
merge [427] [428]
cut [429] [205, 229]
color [429.3] [0, 0, 0, 255]
merge [429.2] [429.1]
merge [429.0] [429.3]
merge [430] [431]
cut [432] [114, 229]
color [432.3] [255, 255, 255, 255]
merge [432.2] [432.3]
merge [432.0] [432.1]
merge [433] [434]
cut [435] [349, 236]
color [435.3] [119, 119, 119, 255]
merge [435.2] [435.3]
merge [435.0] [435.1]
merge [436] [437]
cut [438] [342, 236]
color [438.3] [253, 253, 253, 255]
merge [438.2] [438.3]
merge [438.0] [438.1]
merge [439] [440]
cut [441] [325, 236]
color [441.3] [0, 0, 0, 255]
merge [441.2] [441.3]
merge [441.0] [441.1]
merge [442] [443]
cut [444] [318, 236]
color [444.3] [255, 255, 255, 255]
merge [444.2] [444.3]
merge [444.0] [444.1]
merge [445] [446]
cut [447] [292, 236]
color [447.3] [0, 0, 0, 255]
merge [447.2] [447.3]
merge [447.0] [447.1]
merge [448] [449]
cut [450] [276, 236]
color [450.3] [255, 255, 255, 255]
merge [450.2] [450.3]
merge [450.0] [450.1]
merge [451] [452]
cut [453] [253, 236]
color [453.3] [0, 0, 0, 255]
merge [453.2] [453.3]
merge [453.0] [453.1]
merge [454] [455]
cut [456] [246, 236]
color [456.3] [255, 255, 255, 255]
merge [456.2] [456.3]
merge [456.0] [456.1]
merge [457] [458]
cut [459] [227, 236]
color [459.3] [222, 222, 222, 255]
merge [459.2] [459.3]
merge [459.0] [459.1]
merge [460] [461]
cut [462] [220, 236]
color [462.3] [37, 39, 37, 255]
merge [462.2] [462.1]
merge [462.0] [462.3]
merge [463] [464]
cut [465] [212, 236]
color [465.3] [0, 0, 0, 255]
merge [465.2] [465.1]
merge [465.0] [465.3]
merge [466] [467]
cut [468] [114, 236]
color [468.3] [255, 255, 255, 255]
merge [468.2] [468.3]
merge [468.0] [468.1]
merge [469] [470]
cut [471] [84, 236]
color [471.3] [0, 0, 0, 255]
merge [471.2] [471.3]
merge [471.0] [471.1]
merge [472] [473]
cut [474] [77, 236]
color [474.3] [255, 255, 255, 255]
merge [474.2] [474.3]
merge [474.0] [474.1]
merge [475] [476]
cut [477] [67, 236]
color [477.3] [0, 0, 0, 255]
merge [477.2] [477.3]
merge [477.0] [477.1]
merge [478] [479]
cut [480] [60, 236]
color [480.3] [255, 255, 255, 255]
merge [480.2] [480.3]
merge [480.0] [480.1]
merge [481] [482]
cut [483] [349, 243]
color [483.3] [255, 255, 255, 255]
merge [483.2] [483.3]
merge [483.0] [483.1]
merge [484] [485]
cut [486] [342, 243]
color [486.3] [0, 0, 0, 255]
merge [486.2] [486.3]
merge [486.0] [486.1]
merge [487] [488]
cut [489] [285, 243]
color [489.3] [255, 255, 255, 255]
merge [489.2] [489.3]
merge [489.0] [489.1]
merge [490] [491]
cut [492] [276, 243]
color [492.3] [1, 1, 1, 255]
merge [492.2] [492.1]
merge [492.0] [492.3]
merge [493] [494]
cut [495] [253, 243]
color [495.3] [255, 255, 255, 255]
merge [495.2] [495.3]
merge [495.0] [495.1]
merge [496] [497]
cut [498] [246, 243]
color [498.3] [4, 4, 4, 255]
merge [498.2] [498.3]
merge [498.0] [498.1]
merge [499] [500]
cut [501] [234, 243]
color [501.3] [117, 117, 117, 255]
merge [501.2] [501.3]
merge [501.0] [501.1]
merge [502] [503]
cut [504] [227, 243]
color [504.3] [255, 255, 255, 255]
merge [504.2] [504.3]
merge [504.0] [504.1]
merge [505] [506]
cut [507] [220, 243]
color [507.3] [0, 0, 0, 255]
merge [507.2] [507.3]
merge [507.0] [507.1]
merge [508] [509]
cut [510] [114, 243]
color [510.3] [61, 61, 61, 255]
merge [510.2] [510.3]
merge [510.0] [510.1]
merge [511] [512]
cut [513] [107, 243]
color [513.3] [255, 255, 255, 255]
merge [513.2] [513.3]
merge [513.0] [513.1]
merge [514] [515]
cut [516] [84, 243]
color [516.3] [0, 0, 0, 255]
merge [516.2] [516.3]
merge [516.0] [516.1]
merge [517] [518]
cut [519] [47, 243]
color [519.3] [255, 255, 255, 255]
merge [519.2] [519.3]
merge [519.0] [519.1]
merge [520] [521]
cut [522] [342, 250]
color [522.3] [255, 255, 255, 255]
merge [522.2] [522.3]
merge [522.0] [522.1]
merge [523] [524]
cut [525] [220, 250]
color [525.3] [0, 0, 0, 255]
merge [525.2] [525.3]
merge [525.0] [525.1]
merge [526] [527]
cut [528] [60, 250]
color [528.3] [255, 255, 255, 255]
merge [528.2] [528.3]
merge [528.0] [528.1]
merge [529] [530]
cut [531] [227, 259]
color [531.3] [0, 0, 0, 255]
merge [531.2] [531.3]
merge [531.0] [531.1]
merge [532] [533]
cut [534] [141, 259]
color [534.3] [127, 127, 127, 255]
merge [534.2] [534.3]
merge [534.0] [534.1]
merge [535] [536]
cut [537] [134, 259]
color [537.3] [255, 255, 255, 255]
merge [537.2] [537.3]
merge [537.0] [537.1]
merge [538] [539]
cut [540] [124, 259]
color [540.3] [0, 0, 0, 255]
merge [540.2] [540.3]
merge [540.0] [540.1]
merge [541] [542]
cut [543] [67, 259]
color [543.3] [255, 255, 255, 255]
merge [543.2] [543.3]
merge [543.0] [543.1]
merge [544] [545]
cut [546] [234, 269]
color [546.3] [0, 0, 0, 255]
merge [546.2] [546.3]
merge [546.0] [546.1]
merge [547] [548]
cut [549] [154, 269]
color [549.3] [255, 255, 255, 255]
merge [549.2] [549.3]
merge [549.0] [549.1]
merge [550] [551]
cut [552] [114, 269]
color [552.3] [0, 0, 0, 255]
merge [552.2] [552.3]
merge [552.0] [552.1]
merge [553] [554]
cut [555] [77, 269]
color [555.3] [255, 255, 255, 255]
merge [555.2] [555.3]
merge [555.0] [555.1]
merge [556] [557]
cut [558] [253, 279]
color [558.3] [199, 199, 199, 255]
merge [558.2] [558.3]
merge [558.0] [558.1]
merge [559] [560]
cut [561] [246, 279]
color [561.3] [0, 0, 0, 255]
merge [561.2] [561.3]
merge [561.0] [561.1]
merge [562] [563]
cut [564] [178, 279]
color [564.3] [36, 36, 36, 255]
merge [564.2] [564.3]
merge [564.0] [564.1]
merge [565] [566]
cut [567] [171, 279]
color [567.3] [255, 255, 255, 255]
merge [567.2] [567.3]
merge [567.0] [567.1]
merge [568] [569]
cut [570] [91, 279]
color [570.3] [127, 127, 127, 255]
merge [570.2] [570.3]
merge [570.0] [570.1]
merge [571] [572]
cut [573] [84, 279]
color [573.3] [255, 255, 255, 255]
merge [573.2] [573.3]
merge [573.0] [573.1]
merge [574] [575]
cut [576] [253, 289]
color [576.3] [255, 255, 255, 255]
merge [576.2] [576.3]
merge [576.0] [576.1]
merge [577] [578]
#$16866
