color [0] [255, 255, 255, 255]
cut [0] [x] [119]
color [0.1] [219, 218, 219, 255]
merge [0.0] [0.1]
cut [1] [x] [129]
color [1.1] [178, 177, 180, 255]
merge [1.0] [1.1]
cut [2] [x] [283]
color [2.1] [255, 255, 255, 255]
merge [2.0] [2.1]
cut [3] [119, 14]
color [3.2] [255, 255, 255, 255]
merge [3.2] [3.1]
merge [3.0] [3.3]
merge [4] [5]
cut [6] [157, 14]
color [6.2] [227, 228, 226, 255]
merge [6.2] [6.1]
merge [6.0] [6.3]
merge [7] [8]
cut [9] [247, 14]
color [9.2] [231, 232, 230, 255]
merge [9.2] [9.1]
merge [9.0] [9.3]
merge [10] [11]
cut [12] [259, 14]
color [12.2] [255, 255, 255, 255]
merge [12.2] [12.1]
merge [12.0] [12.3]
merge [13] [14]
cut [15] [247, 28]
color [15.2] [255, 255, 255, 255]
merge [15.2] [15.1]
merge [15.0] [15.3]
merge [16] [17]
cut [18] [157, 51]
color [18.2] [178, 177, 180, 255]
merge [18.2] [18.1]
merge [18.0] [18.3]
merge [19] [20]
cut [21] [247, 51]
color [21.2] [255, 255, 255, 255]
merge [21.2] [21.1]
merge [21.0] [21.3]
merge [22] [23]
cut [24] [10, 66]
color [24.2] [227, 228, 226, 255]
merge [24.2] [24.1]
merge [24.0] [24.3]
merge [25] [26]
cut [27] [y] [76]
color [27.1] [227, 228, 226, 255]
merge [27.0] [27.1]
cut [28] [196, 87]
color [28.2] [178, 177, 180, 255]
merge [28.2] [28.1]
merge [28.0] [28.3]
merge [29] [30]
cut [31] [211, 87]
color [31.2] [227, 228, 226, 255]
merge [31.2] [31.1]
merge [31.0] [31.3]
merge [32] [33]
cut [34] [196, 102]
color [34.2] [227, 228, 226, 255]
merge [34.2] [34.1]
merge [34.0] [34.3]
merge [35] [36]
cut [37] [y] [124]
color [37.1] [78, 78, 79, 255]
merge [37.0] [37.1]
cut [38] [29, 153]
color [38.2] [235, 88, 73, 255]
merge [38.2] [38.1]
merge [38.0] [38.3]
merge [39] [40]
cut [41] [44, 153]
color [41.2] [78, 78, 79, 255]
merge [41.2] [41.1]
merge [41.0] [41.3]
merge [42] [43]
cut [44] [58, 153]
color [44.2] [133, 187, 64, 255]
merge [44.2] [44.1]
merge [44.0] [44.3]
merge [45] [46]
cut [47] [269, 153]
color [47.2] [78, 78, 79, 255]
merge [47.2] [47.3]
merge [47.0] [47.1]
merge [48] [49]
cut [50] [283, 153]
color [50.2] [235, 88, 73, 255]
merge [50.2] [50.3]
merge [50.0] [50.1]
merge [51] [52]
cut [53] [298, 153]
color [53.2] [78, 78, 79, 255]
merge [53.2] [53.3]
merge [53.0] [53.1]
merge [54] [55]
cut [56] [312, 153]
color [56.2] [0, 147, 185, 255]
merge [56.2] [56.3]
merge [56.0] [56.1]
merge [57] [58]
cut [59] [327, 153]
color [59.2] [78, 78, 79, 255]
merge [59.2] [59.3]
merge [59.0] [59.1]
merge [60] [61]
cut [62] [29, 167]
color [62.2] [78, 78, 79, 255]
merge [62.2] [62.1]
merge [62.0] [62.3]
merge [63] [64]
cut [65] [29, 182]
color [65.2] [0, 147, 185, 255]
merge [65.2] [65.3]
merge [65.0] [65.1]
merge [66] [67]
cut [68] [44, 182]
color [68.2] [78, 78, 79, 255]
merge [68.2] [68.3]
merge [68.0] [68.1]
merge [69] [70]
cut [71] [58, 182]
color [71.2] [227, 228, 226, 255]
merge [71.2] [71.1]
merge [71.0] [71.3]
merge [72] [73]
cut [74] [196, 182]
color [74.2] [78, 78, 79, 255]
merge [74.2] [74.3]
merge [74.0] [74.1]
merge [75] [76]
cut [77] [29, 196]
color [77.2] [78, 78, 79, 255]
merge [77.2] [77.3]
merge [77.0] [77.1]
merge [78] [79]
cut [80] [29, 211]
color [80.2] [133, 187, 64, 255]
merge [80.2] [80.3]
merge [80.0] [80.1]
merge [81] [82]
cut [83] [44, 211]
color [83.2] [78, 78, 79, 255]
merge [83.2] [83.3]
merge [83.0] [83.1]
merge [84] [85]
cut [86] [58, 211]
color [86.2] [235, 88, 73, 255]
merge [86.2] [86.3]
merge [86.0] [86.1]
merge [87] [88]
cut [89] [247, 211]
color [89.2] [78, 78, 79, 255]
merge [89.2] [89.3]
merge [89.0] [89.1]
merge [90] [91]
cut [92] [259, 211]
color [92.2] [0, 147, 185, 255]
merge [92.2] [92.3]
merge [92.0] [92.1]
merge [93] [94]
cut [95] [298, 211]
color [95.2] [57, 112, 131, 255]
merge [95.2] [95.3]
merge [95.0] [95.1]
merge [96] [97]
cut [98] [312, 211]
color [98.2] [78, 78, 79, 255]
merge [98.2] [98.3]
merge [98.0] [98.1]
merge [99] [100]
cut [101] [29, 226]
color [101.2] [78, 78, 79, 255]
merge [101.2] [101.3]
merge [101.0] [101.1]
merge [102] [103]
cut [104] [29, 240]
color [104.2] [235, 88, 73, 255]
merge [104.2] [104.3]
merge [104.0] [104.1]
merge [105] [106]
cut [107] [44, 240]
color [107.2] [78, 78, 79, 255]
merge [107.2] [107.3]
merge [107.0] [107.1]
merge [108] [109]
cut [110] [58, 240]
color [110.2] [0, 147, 185, 255]
merge [110.2] [110.3]
merge [110.0] [110.1]
merge [111] [112]
cut [113] [167, 240]
color [113.2] [78, 78, 79, 255]
merge [113.2] [113.3]
merge [113.0] [113.1]
merge [114] [115]
cut [116] [182, 240]
color [116.2] [133, 187, 64, 255]
merge [116.2] [116.1]
merge [116.0] [116.3]
merge [117] [118]
cut [119] [196, 240]
color [119.2] [78, 78, 79, 255]
merge [119.2] [119.1]
merge [119.0] [119.3]
merge [120] [121]
cut [122] [29, 255]
color [122.2] [82, 82, 82, 255]
merge [122.2] [122.3]
merge [122.0] [122.1]
merge [123] [124]
cut [125] [44, 255]
color [125.2] [78, 78, 79, 255]
merge [125.2] [125.3]
merge [125.0] [125.1]
merge [126] [127]
cut [128] [58, 255]
color [128.2] [82, 79, 81, 255]
merge [128.2] [128.3]
merge [128.0] [128.1]
merge [129] [130]
cut [131] [119, 255]
color [131.2] [84, 84, 84, 255]
merge [131.2] [131.1]
merge [131.0] [131.3]
merge [132] [133]
cut [134] [139, 255]
color [134.2] [78, 78, 79, 255]
merge [134.2] [134.3]
merge [134.0] [134.1]
merge [135] [136]
cut [137] [29, 271]
color [137.2] [84, 84, 84, 255]
merge [137.2] [137.3]
merge [137.0] [137.1]
merge [138] [139]
cut [140] [58, 271]
color [140.2] [254, 230, 118, 255]
merge [140.2] [140.3]
merge [140.0] [140.1]
merge [141] [142]
cut [143] [69, 271]
color [143.2] [252, 208, 1, 255]
merge [143.2] [143.3]
merge [143.0] [143.1]
merge [144] [145]
cut [146] [80, 271]
color [146.2] [84, 84, 83, 255]
merge [146.2] [146.3]
merge [146.0] [146.1]
merge [147] [148]
cut [149] [94, 271]
color [149.2] [254, 209, 0, 255]
merge [149.2] [149.3]
merge [149.0] [149.1]
merge [150] [151]
cut [152] [105, 271]
color [152.2] [84, 84, 84, 255]
merge [152.2] [152.3]
merge [152.0] [152.1]
merge [153] [154]
cut [155] [157, 271]
color [155.2] [78, 78, 79, 255]
merge [155.2] [155.3]
merge [155.0] [155.1]
merge [156] [157]
cut [158] [58, 283]
color [158.2] [84, 84, 84, 255]
merge [158.2] [158.3]
merge [158.0] [158.1]
merge [159] [160]
cut [161] [69, 283]
color [161.2] [254, 230, 118, 255]
merge [161.2] [161.3]
merge [161.0] [161.1]
merge [162] [163]
cut [164] [80, 283]
color [164.2] [254, 209, 0, 255]
merge [164.2] [164.3]
merge [164.0] [164.1]
merge [165] [166]
cut [167] [94, 283]
color [167.2] [253, 209, 5, 255]
merge [167.2] [167.3]
merge [167.0] [167.1]
merge [168] [169]
cut [170] [105, 283]
color [170.2] [251, 228, 118, 255]
merge [170.2] [170.3]
merge [170.0] [170.1]
merge [171] [172]
cut [173] [119, 283]
color [173.2] [84, 84, 84, 255]
merge [173.2] [173.3]
merge [173.0] [173.1]
merge [174] [175]
cut [176] [157, 283]
color [176.2] [78, 78, 79, 255]
merge [176.2] [176.3]
merge [176.0] [176.1]
merge [177] [178]
cut [179] [94, 293]
color [179.2] [251, 228, 118, 255]
merge [179.2] [179.3]
merge [179.0] [179.1]
merge [180] [181]
cut [182] [119, 293]
color [182.2] [84, 84, 84, 255]
merge [182.2] [182.3]
merge [182.0] [182.1]
merge [183] [184]
cut [185] [157, 293]
color [185.2] [78, 78, 79, 255]
merge [185.2] [185.3]
merge [185.0] [185.1]
merge [186] [187]
cut [188] [58, 304]
color [188.2] [254, 230, 118, 255]
merge [188.2] [188.3]
merge [188.0] [188.1]
merge [189] [190]
cut [191] [69, 304]
color [191.2] [252, 209, 1, 255]
merge [191.2] [191.3]
merge [191.0] [191.1]
merge [192] [193]
cut [194] [80, 304]
color [194.2] [84, 84, 84, 255]
merge [194.2] [194.3]
merge [194.0] [194.1]
merge [195] [196]
cut [197] [157, 304]
color [197.2] [78, 78, 79, 255]
merge [197.2] [197.3]
merge [197.0] [197.1]
merge [198] [199]
cut [200] [58, 317]
color [200.2] [84, 84, 84, 255]
merge [200.2] [200.3]
merge [200.0] [200.1]
merge [201] [202]
cut [203] [157, 317]
color [203.2] [78, 78, 79, 255]
merge [203.2] [203.1]
merge [203.0] [203.3]
merge [204] [205]
cut [206] [29, 327]
color [206.2] [78, 78, 79, 255]
merge [206.2] [206.3]
merge [206.0] [206.1]
merge [207] [208]
cut [209] [y] [342]
color [209.1] [0, 147, 185, 255]
merge [209.0] [209.1]
cut [210] [29, 364]
color [210.2] [94, 123, 139, 255]
merge [210.2] [210.3]
merge [210.0] [210.1]
merge [211] [212]
cut [213] [44, 364]
color [213.2] [235, 186, 164, 255]
merge [213.2] [213.1]
merge [213.0] [213.3]
merge [214] [215]
cut [216] [58, 364]
color [216.2] [244, 187, 27, 255]
merge [216.2] [216.1]
merge [216.0] [216.3]
merge [217] [218]
cut [219] [69, 364]
color [219.2] [0, 147, 185, 255]
merge [219.2] [219.1]
merge [219.0] [219.3]
merge [220] [221]
cut [222] [80, 364]
color [222.2] [133, 187, 64, 255]
merge [222.2] [222.1]
merge [222.0] [222.3]
merge [223] [224]
cut [225] [94, 364]
color [225.2] [0, 147, 185, 255]
merge [225.2] [225.1]
merge [225.0] [225.3]
merge [226] [227]
cut [228] [29, 378]
color [228.2] [0, 147, 185, 255]
merge [228.2] [228.1]
merge [228.0] [228.3]
merge [229] [230]
cut [231] [y] [389]
color [231.1] [254, 254, 254, 255]
merge [231.0] [231.1]
cut [232] [10, 389]
color [232.2] [0, 147, 185, 255]
merge [232.2] [232.3]
merge [232.0] [232.1]
merge [233] [234]
#$6815
