color [0] [0, 0, 0, 255]
cut [0] [114, 338]
color [0.0] [32, 32, 32, 255]
merge [0.2] [0.1]
merge [0.0] [0.3]
merge [1] [2]
cut [3] [102, 338]
color [3.0] [0, 0, 0, 255]
merge [3.2] [3.1]
merge [3.0] [3.3]
merge [4] [5]
cut [6] [147, 327]
color [6.0] [255, 255, 255, 255]
merge [6.2] [6.1]
merge [6.0] [6.3]
merge [7] [8]
cut [9] [63, 327]
color [9.0] [58, 58, 58, 255]
merge [9.2] [9.3]
merge [9.0] [9.1]
merge [10] [11]
cut [12] [51, 327]
color [12.0] [0, 0, 0, 255]
merge [12.2] [12.3]
merge [12.0] [12.1]
merge [13] [14]
cut [15] [179, 316]
color [15.0] [165, 165, 165, 255]
merge [15.2] [15.1]
merge [15.0] [15.3]
merge [16] [17]
cut [18] [147, 316]
color [18.0] [255, 255, 255, 255]
merge [18.2] [18.1]
merge [18.0] [18.3]
merge [19] [20]
cut [21] [51, 316]
color [21.0] [0, 0, 0, 255]
merge [21.2] [21.3]
merge [21.0] [21.1]
merge [22] [23]
cut [24] [194, 306]
color [24.0] [236, 236, 236, 255]
merge [24.2] [24.1]
merge [24.0] [24.3]
merge [25] [26]
cut [27] [179, 306]
color [27.0] [255, 255, 255, 255]
merge [27.2] [27.1]
merge [27.0] [27.3]
merge [28] [29]
cut [30] [51, 306]
color [30.0] [0, 0, 0, 255]
merge [30.2] [30.3]
merge [30.0] [30.1]
merge [31] [32]
cut [33] [31, 306]
color [33.0] [255, 255, 255, 255]
merge [33.2] [33.3]
merge [33.0] [33.1]
merge [34] [35]
cut [36] [21, 306]
color [36.0] [0, 0, 0, 255]
merge [36.2] [36.3]
merge [36.0] [36.1]
merge [37] [38]
cut [39] [210, 296]
color [39.0] [255, 255, 255, 255]
merge [39.2] [39.1]
merge [39.0] [39.3]
merge [40] [41]
cut [42] [124, 296]
color [42.0] [110, 140, 219, 255]
merge [42.2] [42.1]
merge [42.0] [42.3]
merge [43] [44]
cut [45] [114, 296]
color [45.0] [33, 81, 216, 255]
merge [45.2] [45.3]
merge [45.0] [45.1]
merge [46] [47]
cut [48] [76, 296]
color [48.0] [255, 255, 255, 255]
merge [48.2] [48.3]
merge [48.0] [48.1]
merge [49] [50]
cut [51] [41, 296]
color [51.0] [72, 72, 72, 255]
merge [51.2] [51.3]
merge [51.0] [51.1]
merge [52] [53]
cut [54] [31, 296]
color [54.0] [255, 255, 255, 255]
merge [54.2] [54.3]
merge [54.0] [54.1]
merge [55] [56]
cut [57] [21, 296]
color [57.0] [0, 0, 0, 255]
merge [57.2] [57.3]
merge [57.0] [57.1]
merge [58] [59]
cut [60] [274, 284]
color [60.0] [252, 252, 252, 255]
merge [60.2] [60.1]
merge [60.0] [60.3]
merge [61] [62]
cut [63] [264, 284]
color [63.0] [111, 111, 111, 255]
merge [63.2] [63.1]
merge [63.0] [63.3]
merge [64] [65]
cut [66] [253, 284]
color [66.0] [183, 183, 183, 255]
merge [66.2] [66.1]
merge [66.0] [66.3]
merge [67] [68]
cut [69] [243, 284]
color [69.0] [0, 0, 0, 255]
merge [69.2] [69.1]
merge [69.0] [69.3]
merge [70] [71]
cut [72] [232, 284]
color [72.0] [169, 169, 169, 255]
merge [72.2] [72.1]
merge [72.0] [72.3]
merge [73] [74]
cut [75] [220, 284]
color [75.0] [255, 255, 255, 255]
merge [75.2] [75.1]
merge [75.0] [75.3]
merge [76] [77]
cut [78] [137, 284]
color [78.0] [33, 81, 216, 255]
merge [78.2] [78.1]
merge [78.0] [78.3]
merge [79] [80]
cut [81] [76, 284]
color [81.0] [255, 255, 255, 255]
merge [81.2] [81.3]
merge [81.0] [81.1]
merge [82] [83]
cut [84] [21, 284]
color [84.0] [0, 0, 0, 255]
merge [84.2] [84.3]
merge [84.0] [84.1]
merge [85] [86]
cut [87] [274, 274]
color [87.0] [0, 0, 0, 255]
merge [87.2] [87.1]
merge [87.0] [87.3]
merge [88] [89]
cut [90] [253, 274]
color [90.0] [54, 54, 54, 255]
merge [90.2] [90.1]
merge [90.0] [90.3]
merge [91] [92]
cut [93] [243, 274]
color [93.0] [255, 255, 255, 255]
merge [93.2] [93.1]
merge [93.0] [93.3]
merge [94] [95]
cut [96] [137, 274]
color [96.0] [33, 81, 216, 255]
merge [96.2] [96.1]
merge [96.0] [96.3]
merge [97] [98]
cut [99] [76, 274]
color [99.0] [255, 255, 255, 255]
merge [99.2] [99.3]
merge [99.0] [99.1]
merge [100] [101]
cut [102] [21, 274]
color [102.0] [0, 0, 0, 255]
merge [102.2] [102.3]
merge [102.0] [102.1]
merge [103] [104]
cut [105] [375, 264]
color [105.0] [168, 168, 168, 255]
merge [105.2] [105.1]
merge [105.0] [105.3]
merge [106] [107]
cut [108] [365, 264]
color [108.0] [255, 255, 255, 255]
merge [108.2] [108.1]
merge [108.0] [108.3]
merge [109] [110]
cut [111] [352, 264]
color [111.0] [0, 0, 0, 255]
merge [111.2] [111.1]
merge [111.0] [111.3]
merge [112] [113]
cut [114] [339, 264]
color [114.0] [255, 255, 255, 255]
merge [114.2] [114.1]
merge [114.0] [114.3]
merge [115] [116]
cut [117] [327, 264]
color [117.0] [0, 0, 0, 255]
merge [117.2] [117.1]
merge [117.0] [117.3]
merge [118] [119]
cut [120] [274, 264]
color [120.0] [136, 136, 136, 255]
merge [120.2] [120.1]
merge [120.0] [120.3]
merge [121] [122]
cut [123] [264, 264]
color [123.0] [255, 255, 255, 255]
merge [123.2] [123.1]
merge [123.0] [123.3]
merge [124] [125]
cut [126] [137, 264]
color [126.0] [33, 81, 216, 255]
merge [126.2] [126.3]
merge [126.0] [126.1]
merge [127] [128]
cut [129] [114, 264]
color [129.0] [255, 255, 255, 255]
merge [129.2] [129.3]
merge [129.0] [129.1]
merge [130] [131]
cut [132] [102, 264]
color [132.0] [33, 81, 216, 255]
merge [132.2] [132.3]
merge [132.0] [132.1]
merge [133] [134]
cut [135] [76, 264]
color [135.0] [255, 255, 255, 255]
merge [135.2] [135.3]
merge [135.0] [135.1]
merge [136] [137]
cut [138] [21, 264]
color [138.0] [0, 0, 0, 255]
merge [138.2] [138.3]
merge [138.0] [138.1]
merge [139] [140]
cut [141] [385, 254]
color [141.0] [255, 255, 255, 255]
merge [141.2] [141.1]
merge [141.0] [141.3]
merge [142] [143]
cut [144] [327, 254]
color [144.0] [104, 104, 104, 255]
merge [144.2] [144.1]
merge [144.0] [144.3]
merge [145] [146]
cut [147] [297, 254]
color [147.0] [255, 255, 255, 255]
merge [147.2] [147.1]
merge [147.0] [147.3]
merge [148] [149]
cut [150] [137, 254]
color [150.0] [33, 81, 216, 255]
merge [150.2] [150.3]
merge [150.0] [150.1]
merge [151] [152]
cut [153] [124, 254]
color [153.0] [255, 255, 255, 255]
merge [153.2] [153.3]
merge [153.0] [153.1]
merge [154] [155]
cut [156] [92, 254]
color [156.0] [135, 82, 216, 255]
merge [156.2] [156.3]
merge [156.0] [156.1]
merge [157] [158]
cut [159] [76, 254]
color [159.0] [33, 81, 216, 255]
merge [159.2] [159.3]
merge [159.0] [159.1]
merge [160] [161]
cut [162] [21, 254]
color [162.0] [0, 0, 0, 255]
merge [162.2] [162.3]
merge [162.0] [162.1]
merge [163] [164]
cut [165] [327, 244]
color [165.0] [255, 255, 255, 255]
merge [165.2] [165.1]
merge [165.0] [165.3]
merge [166] [167]
cut [168] [179, 244]
color [168.0] [33, 81, 216, 255]
merge [168.2] [168.1]
merge [168.0] [168.3]
merge [169] [170]
cut [171] [137, 244]
color [171.0] [255, 255, 255, 255]
merge [171.2] [171.3]
merge [171.0] [171.1]
merge [172] [173]
cut [174] [92, 244]
color [174.0] [33, 81, 216, 255]
merge [174.2] [174.3]
merge [174.0] [174.1]
merge [175] [176]
cut [177] [21, 244]
color [177.0] [0, 0, 0, 255]
merge [177.2] [177.3]
merge [177.0] [177.1]
merge [178] [179]
cut [180] [210, 234]
color [180.0] [128, 152, 218, 255]
merge [180.2] [180.1]
merge [180.0] [180.3]
merge [181] [182]
cut [183] [194, 234]
color [183.0] [33, 81, 216, 255]
merge [183.2] [183.1]
merge [183.0] [183.3]
merge [184] [185]
cut [186] [137, 234]
color [186.0] [124, 83, 217, 255]
merge [186.2] [186.3]
merge [186.0] [186.1]
merge [187] [188]
cut [189] [124, 234]
color [189.0] [188, 202, 243, 255]
merge [189.2] [189.3]
merge [189.0] [189.1]
merge [190] [191]
cut [192] [114, 234]
color [192.0] [216, 223, 247, 255]
merge [192.2] [192.3]
merge [192.0] [192.1]
merge [193] [194]
cut [195] [92, 234]
color [195.0] [33, 81, 216, 255]
merge [195.2] [195.3]
merge [195.0] [195.1]
merge [196] [197]
cut [198] [31, 234]
color [198.0] [0, 0, 0, 255]
merge [198.2] [198.3]
merge [198.0] [198.1]
merge [199] [200]
cut [201] [385, 224]
color [201.0] [211, 211, 211, 255]
merge [201.2] [201.3]
merge [201.0] [201.1]
merge [202] [203]
cut [204] [375, 224]
color [204.0] [255, 255, 255, 255]
merge [204.2] [204.3]
merge [204.0] [204.1]
merge [205] [206]
cut [207] [243, 224]
color [207.0] [132, 155, 219, 255]
merge [207.2] [207.1]
merge [207.0] [207.3]
merge [208] [209]
cut [210] [232, 224]
color [210.0] [33, 81, 216, 255]
merge [210.2] [210.1]
merge [210.0] [210.3]
merge [211] [212]
cut [213] [124, 224]
color [213.0] [254, 254, 254, 255]
merge [213.2] [213.3]
merge [213.0] [213.1]
merge [214] [215]
cut [216] [102, 224]
color [216.0] [33, 81, 216, 255]
merge [216.2] [216.3]
merge [216.0] [216.1]
merge [217] [218]
cut [219] [31, 224]
color [219.0] [0, 0, 0, 255]
merge [219.2] [219.3]
merge [219.0] [219.1]
merge [220] [221]
cut [222] [385, 214]
color [222.0] [0, 0, 0, 255]
merge [222.2] [222.3]
merge [222.0] [222.1]
merge [223] [224]
cut [225] [375, 214]
color [225.0] [255, 255, 255, 255]
merge [225.2] [225.3]
merge [225.0] [225.1]
merge [226] [227]
cut [228] [284, 214]
color [228.0] [33, 81, 216, 255]
merge [228.2] [228.3]
merge [228.0] [228.1]
merge [229] [230]
cut [231] [31, 214]
color [231.0] [0, 0, 0, 255]
merge [231.2] [231.3]
merge [231.0] [231.1]
merge [232] [233]
cut [234] [375, 204]
color [234.0] [33, 81, 216, 255]
merge [234.2] [234.3]
merge [234.0] [234.1]
merge [235] [236]
cut [237] [31, 204]
color [237.0] [0, 0, 0, 255]
merge [237.2] [237.3]
merge [237.0] [237.1]
merge [238] [239]
cut [240] [41, 177]
color [240.0] [0, 0, 0, 255]
merge [240.2] [240.3]
merge [240.0] [240.1]
merge [241] [242]
cut [243] [375, 166]
color [243.0] [0, 0, 0, 255]
merge [243.2] [243.3]
merge [243.0] [243.1]
merge [244] [245]
cut [246] [365, 166]
color [246.0] [33, 81, 216, 255]
merge [246.2] [246.3]
merge [246.0] [246.1]
merge [247] [248]
cut [249] [147, 166]
color [249.0] [234, 0, 32, 255]
merge [249.2] [249.3]
merge [249.0] [249.1]
merge [250] [251]
cut [252] [41, 166]
color [252.0] [0, 0, 0, 255]
merge [252.2] [252.3]
merge [252.0] [252.1]
merge [253] [254]
cut [255] [194, 155]
color [255.0] [234, 0, 32, 255]
merge [255.2] [255.1]
merge [255.0] [255.3]
merge [256] [257]
cut [258] [41, 155]
color [258.0] [0, 0, 0, 255]
merge [258.2] [258.3]
merge [258.0] [258.1]
merge [259] [260]
cut [261] [365, 142]
color [261.0] [0, 0, 0, 255]
merge [261.2] [261.3]
merge [261.0] [261.1]
merge [262] [263]
cut [264] [352, 142]
color [264.0] [33, 81, 216, 255]
merge [264.2] [264.3]
merge [264.0] [264.1]
merge [265] [266]
cut [267] [253, 142]
color [267.0] [234, 0, 32, 255]
merge [267.2] [267.3]
merge [267.0] [267.1]
merge [268] [269]
cut [270] [41, 142]
color [270.0] [0, 0, 0, 255]
merge [270.2] [270.3]
merge [270.0] [270.1]
merge [271] [272]
cut [273] [352, 130]
color [273.0] [234, 0, 32, 255]
merge [273.2] [273.3]
merge [273.0] [273.1]
merge [274] [275]
cut [276] [124, 130]
color [276.0] [160, 0, 21, 255]
merge [276.2] [276.3]
merge [276.0] [276.1]
merge [277] [278]
cut [279] [114, 130]
color [279.0] [70, 0, 9, 255]
merge [279.2] [279.3]
merge [279.0] [279.1]
merge [280] [281]
cut [282] [102, 130]
color [282.0] [0, 0, 0, 255]
merge [282.2] [282.3]
merge [282.0] [282.1]
merge [283] [284]
cut [285] [352, 115]
color [285.0] [178, 0, 24, 255]
merge [285.2] [285.3]
merge [285.0] [285.1]
merge [286] [287]
cut [288] [339, 115]
color [288.0] [234, 0, 32, 255]
merge [288.2] [288.3]
merge [288.0] [288.1]
merge [289] [290]
cut [291] [179, 115]
color [291.0] [174, 0, 23, 255]
merge [291.2] [291.3]
merge [291.0] [291.1]
merge [292] [293]
cut [294] [147, 115]
color [294.0] [0, 0, 0, 255]
merge [294.2] [294.3]
merge [294.0] [294.1]
merge [295] [296]
cut [297] [352, 103]
color [297.0] [0, 0, 0, 255]
merge [297.2] [297.3]
merge [297.0] [297.1]
merge [298] [299]
cut [300] [339, 103]
color [300.0] [64, 0, 8, 255]
merge [300.2] [300.3]
merge [300.0] [300.1]
merge [301] [302]
cut [303] [327, 103]
color [303.0] [234, 0, 32, 255]
merge [303.2] [303.3]
merge [303.0] [303.1]
merge [304] [305]
cut [306] [194, 103]
color [306.0] [0, 0, 0, 255]
merge [306.2] [306.3]
merge [306.0] [306.1]
merge [307] [308]
cut [309] [339, 93]
color [309.0] [0, 0, 0, 255]
merge [309.2] [309.3]
merge [309.0] [309.1]
merge [310] [311]
cut [312] [327, 93]
color [312.0] [234, 0, 32, 255]
merge [312.2] [312.3]
merge [312.0] [312.1]
merge [313] [314]
cut [315] [243, 93]
color [315.0] [72, 0, 9, 255]
merge [315.2] [315.3]
merge [315.0] [315.1]
merge [316] [317]
cut [318] [232, 93]
color [318.0] [234, 0, 32, 255]
merge [318.2] [318.3]
merge [318.0] [318.1]
merge [319] [320]
cut [321] [210, 93]
color [321.0] [0, 0, 0, 255]
merge [321.2] [321.3]
merge [321.0] [321.1]
merge [322] [323]
cut [324] [327, 79]
color [324.0] [0, 0, 0, 255]
merge [324.2] [324.3]
merge [324.0] [324.1]
merge [325] [326]
cut [327] [284, 79]
color [327.0] [234, 0, 32, 255]
merge [327.2] [327.1]
merge [327.0] [327.3]
merge [328] [329]
cut [330] [274, 79]
color [330.0] [142, 0, 19, 255]
merge [330.2] [330.1]
merge [330.0] [330.3]
merge [331] [332]
cut [333] [264, 79]
color [333.0] [0, 0, 0, 255]
merge [333.2] [333.3]
merge [333.0] [333.1]
merge [334] [335]
cut [336] [253, 79]
color [336.0] [112, 0, 15, 255]
merge [336.2] [336.1]
merge [336.0] [336.3]
merge [337] [338]
cut [339] [243, 79]
color [339.0] [0, 0, 0, 255]
merge [339.2] [339.1]
merge [339.0] [339.3]
merge [340] [341]
cut [342] [220, 79]
color [342.0] [234, 0, 32, 255]
merge [342.2] [342.1]
merge [342.0] [342.3]
merge [343] [344]
cut [345] [210, 79]
color [345.0] [0, 0, 0, 255]
merge [345.2] [345.1]
merge [345.0] [345.3]
merge [346] [347]
cut [348] [284, 69]
color [348.0] [0, 0, 0, 255]
merge [348.2] [348.1]
merge [348.0] [348.3]
merge [349] [350]
#$18935
