color [0] [255, 255, 255, 255]
cut [0] [372, 353]
color [0.0] [3, 76, 174, 255]
merge [0.2] [0.1]
merge [0.0] [0.3]
merge [1] [2]
cut [3] [355, 353]
color [3.0] [54, 112, 190, 255]
merge [3.2] [3.1]
merge [3.0] [3.3]
merge [4] [5]
cut [6] [339, 353]
color [6.0] [99, 144, 204, 255]
merge [6.2] [6.1]
merge [6.0] [6.3]
merge [7] [8]
cut [9] [320, 353]
color [9.0] [10, 81, 176, 255]
merge [9.2] [9.1]
merge [9.0] [9.3]
merge [10] [11]
cut [12] [281, 353]
color [12.0] [168, 193, 227, 255]
merge [12.2] [12.1]
merge [12.0] [12.3]
merge [13] [14]
cut [15] [260, 353]
color [15.0] [4, 77, 174, 255]
merge [15.2] [15.1]
merge [15.0] [15.3]
merge [16] [17]
cut [18] [204, 353]
color [18.0] [93, 140, 203, 255]
merge [18.2] [18.1]
merge [18.0] [18.3]
merge [19] [20]
cut [21] [188, 353]
color [21.0] [177, 199, 229, 255]
merge [21.2] [21.1]
merge [21.0] [21.3]
merge [22] [23]
cut [24] [172, 353]
color [24.0] [255, 255, 255, 255]
merge [24.2] [24.1]
merge [24.0] [24.3]
merge [25] [26]
cut [27] [128, 353]
color [27.0] [157, 237, 240, 255]
merge [27.2] [27.1]
merge [27.0] [27.3]
merge [28] [29]
cut [30] [92, 353]
color [30.0] [255, 255, 255, 255]
merge [30.2] [30.1]
merge [30.0] [30.3]
merge [31] [32]
cut [33] [49, 353]
color [33.0] [93, 225, 230, 255]
merge [33.2] [33.1]
merge [33.0] [33.3]
merge [34] [35]
cut [36] [29, 353]
color [36.0] [255, 255, 255, 255]
merge [36.2] [36.3]
merge [36.0] [36.1]
merge [37] [38]
cut [39] [372, 332]
color [39.0] [255, 255, 255, 255]
merge [39.2] [39.1]
merge [39.0] [39.3]
merge [40] [41]
cut [42] [339, 298]
color [42.0] [7, 153, 159, 255]
merge [42.2] [42.1]
merge [42.0] [42.3]
merge [43] [44]
cut [45] [303, 298]
color [45.0] [200, 232, 234, 255]
merge [45.2] [45.1]
merge [45.0] [45.3]
merge [46] [47]
cut [48] [281, 298]
color [48.0] [255, 255, 255, 255]
merge [48.2] [48.1]
merge [48.0] [48.3]
merge [49] [50]
cut [51] [260, 298]
color [51.0] [255, 213, 187, 255]
merge [51.2] [51.1]
merge [51.0] [51.3]
merge [52] [53]
cut [54] [242, 298]
color [54.0] [255, 146, 79, 255]
merge [54.2] [54.1]
merge [54.0] [54.3]
merge [55] [56]
cut [57] [219, 298]
color [57.0] [255, 255, 255, 255]
merge [57.2] [57.1]
merge [57.0] [57.3]
merge [58] [59]
cut [60] [172, 298]
color [60.0] [255, 222, 91, 255]
merge [60.2] [60.1]
merge [60.0] [60.3]
merge [61] [62]
cut [63] [146, 298]
color [63.0] [255, 255, 255, 255]
merge [63.2] [63.1]
merge [63.0] [63.3]
merge [64] [65]
cut [66] [128, 298]
color [66.0] [255, 222, 90, 255]
merge [66.2] [66.1]
merge [66.0] [66.3]
merge [67] [68]
cut [69] [111, 298]
color [69.0] [255, 239, 176, 255]
merge [69.2] [69.3]
merge [69.0] [69.1]
merge [70] [71]
cut [72] [64, 298]
color [72.0] [255, 255, 255, 255]
merge [72.2] [72.3]
merge [72.0] [72.1]
merge [73] [74]
cut [75] [339, 277]
color [75.0] [255, 255, 255, 255]
merge [75.2] [75.1]
merge [75.0] [75.3]
merge [76] [77]
cut [78] [355, 243]
color [78.0] [255, 88, 88, 255]
merge [78.2] [78.1]
merge [78.0] [78.3]
merge [79] [80]
cut [81] [339, 243]
color [81.0] [255, 208, 208, 255]
merge [81.2] [81.1]
merge [81.0] [81.3]
merge [82] [83]
cut [84] [320, 243]
color [84.0] [255, 255, 255, 255]
merge [84.2] [84.1]
merge [84.0] [84.3]
merge [85] [86]
cut [87] [260, 243]
color [87.0] [217, 217, 217, 255]
merge [87.2] [87.1]
merge [87.0] [87.3]
merge [88] [89]
cut [90] [242, 243]
color [90.0] [255, 255, 255, 255]
merge [90.2] [90.1]
merge [90.0] [90.3]
merge [91] [92]
cut [93] [204, 243]
color [93.0] [4, 130, 58, 255]
merge [93.2] [93.1]
merge [93.0] [93.3]
merge [94] [95]
cut [96] [172, 243]
color [96.0] [136, 196, 162, 255]
merge [96.2] [96.3]
merge [96.0] [96.1]
merge [97] [98]
cut [99] [146, 243]
color [99.0] [255, 255, 255, 255]
merge [99.2] [99.3]
merge [99.0] [99.1]
merge [100] [101]
cut [102] [128, 243]
color [102.0] [230, 84, 233, 255]
merge [102.2] [102.3]
merge [102.0] [102.1]
merge [103] [104]
cut [105] [49, 243]
color [105.0] [255, 255, 255, 255]
merge [105.2] [105.3]
merge [105.0] [105.1]
merge [106] [107]
cut [108] [355, 222]
color [108.0] [255, 255, 255, 255]
merge [108.2] [108.1]
merge [108.0] [108.3]
merge [109] [110]
cut [111] [281, 188]
color [111.0] [139, 147, 182, 255]
merge [111.2] [111.3]
merge [111.0] [111.1]
merge [112] [113]
cut [114] [260, 188]
color [114.0] [67, 85, 140, 255]
merge [114.2] [114.3]
merge [114.0] [114.1]
merge [115] [116]
cut [117] [242, 188]
color [117.0] [45, 65, 127, 255]
merge [117.2] [117.3]
merge [117.0] [117.1]
merge [118] [119]
cut [120] [219, 188]
color [120.0] [95, 111, 158, 255]
merge [120.2] [120.3]
merge [120.0] [120.1]
merge [121] [122]
cut [123] [204, 188]
color [123.0] [34, 55, 120, 255]
merge [123.2] [123.3]
merge [123.0] [123.1]
merge [124] [125]
cut [126] [146, 188]
color [126.0] [255, 255, 255, 255]
merge [126.2] [126.3]
merge [126.0] [126.1]
merge [127] [128]
cut [129] [281, 167]
color [129.0] [255, 255, 255, 255]
merge [129.2] [129.3]
merge [129.0] [129.1]
merge [130] [131]
cut [132] [303, 85]
color [132.0] [195, 175, 255, 255]
merge [132.2] [132.3]
merge [132.0] [132.1]
merge [133] [134]
cut [135] [281, 85]
color [135.0] [141, 85, 255, 255]
merge [135.2] [135.1]
merge [135.0] [135.3]
merge [136] [137]
cut [138] [260, 85]
color [138.0] [223, 208, 255, 255]
merge [138.2] [138.3]
merge [138.0] [138.1]
merge [139] [140]
cut [141] [242, 85]
color [141.0] [178, 140, 255, 255]
merge [141.2] [141.1]
merge [141.0] [141.3]
merge [142] [143]
cut [144] [219, 85]
color [144.0] [255, 255, 255, 255]
merge [144.2] [144.1]
merge [144.0] [144.3]
merge [145] [146]
cut [147] [204, 85]
color [147.0] [51, 156, 232, 255]
merge [147.2] [147.1]
merge [147.0] [147.3]
merge [148] [149]
cut [150] [188, 85]
color [150.0] [138, 198, 241, 255]
merge [150.2] [150.1]
merge [150.0] [150.3]
merge [151] [152]
cut [153] [172, 85]
color [153.0] [255, 255, 255, 255]
merge [153.2] [153.1]
merge [153.0] [153.3]
merge [154] [155]
cut [156] [146, 85]
color [156.0] [19, 140, 228, 255]
merge [156.2] [156.1]
merge [156.0] [156.3]
merge [157] [158]
cut [159] [128, 85]
color [159.0] [255, 255, 255, 255]
merge [159.2] [159.1]
merge [159.0] [159.3]
merge [160] [161]
cut [162] [303, 57]
color [162.0] [255, 255, 255, 255]
merge [162.2] [162.1]
merge [162.0] [162.3]
merge [163] [164]
#$19498
