color [0] [244, 244, 245, 255]
cut [0] [377, 382]
color [0.0] [0, 0, 0, 255]
merge [0.2] [0.1]
merge [0.0] [0.3]
merge [1] [2]
cut [3] [30, 382]
color [3.0] [244, 244, 245, 255]
merge [3.2] [3.1]
merge [3.0] [3.3]
merge [4] [5]
cut [6] [266, 359]
color [6.0] [27, 27, 21, 255]
merge [6.2] [6.1]
merge [6.0] [6.3]
merge [7] [8]
cut [9] [248, 359]
color [9.0] [141, 143, 110, 255]
merge [9.2] [9.1]
merge [9.0] [9.3]
merge [10] [11]
cut [12] [177, 359]
color [12.0] [142, 145, 112, 255]
merge [12.2] [12.1]
merge [12.0] [12.3]
merge [13] [14]
cut [15] [148, 359]
color [15.0] [0, 0, 0, 255]
merge [15.2] [15.1]
merge [15.0] [15.3]
merge [16] [17]
cut [18] [30, 359]
color [18.0] [244, 244, 245, 255]
merge [18.2] [18.3]
merge [18.0] [18.1]
merge [19] [20]
cut [21] [295, 340]
color [21.0] [141, 143, 110, 255]
merge [21.2] [21.1]
merge [21.0] [21.3]
merge [22] [23]
cut [24] [177, 340]
color [24.0] [142, 145, 112, 255]
merge [24.2] [24.1]
merge [24.0] [24.3]
merge [25] [26]
cut [27] [104, 340]
color [27.0] [0, 0, 0, 255]
merge [27.2] [27.1]
merge [27.0] [27.3]
merge [28] [29]
cut [30] [30, 340]
color [30.0] [244, 244, 245, 255]
merge [30.2] [30.3]
merge [30.0] [30.1]
merge [31] [32]
cut [33] [313, 321]
color [33.0] [141, 143, 110, 255]
merge [33.2] [33.1]
merge [33.0] [33.3]
merge [34] [35]
cut [36] [177, 321]
color [36.0] [142, 145, 112, 255]
merge [36.2] [36.1]
merge [36.0] [36.3]
merge [37] [38]
cut [39] [86, 321]
color [39.0] [0, 0, 0, 255]
merge [39.2] [39.3]
merge [39.0] [39.1]
merge [40] [41]
cut [42] [30, 321]
color [42.0] [244, 244, 245, 255]
merge [42.2] [42.3]
merge [42.0] [42.1]
merge [43] [44]
cut [45] [332, 303]
color [45.0] [141, 143, 110, 255]
merge [45.2] [45.1]
merge [45.0] [45.3]
merge [46] [47]
cut [48] [223, 303]
color [48.0] [93, 69, 73, 255]
merge [48.2] [48.1]
merge [48.0] [48.3]
merge [49] [50]
cut [51] [177, 303]
color [51.0] [140, 143, 110, 255]
merge [51.2] [51.1]
merge [51.0] [51.3]
merge [52] [53]
cut [54] [148, 303]
color [54.0] [142, 145, 112, 255]
merge [54.2] [54.1]
merge [54.0] [54.3]
merge [55] [56]
cut [57] [68, 303]
color [57.0] [0, 0, 0, 255]
merge [57.2] [57.3]
merge [57.0] [57.1]
merge [58] [59]
cut [60] [30, 303]
color [60.0] [244, 244, 245, 255]
merge [60.2] [60.3]
merge [60.0] [60.1]
merge [61] [62]
cut [63] [248, 284]
color [63.0] [93, 71, 75, 255]
merge [63.2] [63.1]
merge [63.0] [63.3]
merge [64] [65]
cut [66] [223, 284]
color [66.0] [223, 190, 119, 255]
merge [66.2] [66.1]
merge [66.0] [66.3]
merge [67] [68]
cut [69] [148, 284]
color [69.0] [142, 145, 112, 255]
merge [69.2] [69.1]
merge [69.0] [69.3]
merge [70] [71]
cut [72] [68, 284]
color [72.0] [0, 0, 0, 255]
merge [72.2] [72.3]
merge [72.0] [72.1]
merge [73] [74]
cut [75] [30, 284]
color [75.0] [244, 244, 245, 255]
merge [75.2] [75.3]
merge [75.0] [75.1]
merge [76] [77]
cut [78] [350, 264]
color [78.0] [141, 143, 110, 255]
merge [78.2] [78.1]
merge [78.0] [78.3]
merge [79] [80]
cut [81] [266, 264]
color [81.0] [93, 71, 75, 255]
merge [81.2] [81.1]
merge [81.0] [81.3]
merge [82] [83]
cut [84] [223, 264]
color [84.0] [223, 190, 119, 255]
merge [84.2] [84.1]
merge [84.0] [84.3]
merge [85] [86]
cut [87] [148, 264]
color [87.0] [142, 145, 112, 255]
merge [87.2] [87.1]
merge [87.0] [87.3]
merge [88] [89]
cut [90] [50, 264]
color [90.0] [0, 0, 0, 255]
merge [90.2] [90.3]
merge [90.0] [90.1]
merge [91] [92]
cut [93] [30, 264]
color [93.0] [244, 244, 245, 255]
merge [93.2] [93.3]
merge [93.0] [93.1]
merge [94] [95]
cut [96] [223, 194]
color [96.0] [181, 153, 97, 255]
merge [96.2] [96.3]
merge [96.0] [96.1]
merge [97] [98]
cut [99] [177, 194]
color [99.0] [94, 72, 77, 255]
merge [99.2] [99.3]
merge [99.0] [99.1]
merge [100] [101]
cut [102] [148, 194]
color [102.0] [142, 145, 112, 255]
merge [102.2] [102.3]
merge [102.0] [102.1]
merge [103] [104]
cut [105] [50, 194]
color [105.0] [0, 0, 0, 255]
merge [105.2] [105.3]
merge [105.0] [105.1]
merge [106] [107]
cut [108] [30, 194]
color [108.0] [244, 244, 245, 255]
merge [108.2] [108.3]
merge [108.0] [108.1]
merge [109] [110]
cut [111] [350, 175]
color [111.0] [128, 130, 101, 255]
merge [111.2] [111.3]
merge [111.0] [111.1]
merge [112] [113]
cut [114] [332, 175]
color [114.0] [141, 143, 110, 255]
merge [114.2] [114.3]
merge [114.0] [114.1]
merge [115] [116]
cut [117] [266, 175]
color [117.0] [93, 71, 75, 255]
merge [117.2] [117.3]
merge [117.0] [117.1]
merge [118] [119]
cut [120] [223, 175]
color [120.0] [227, 197, 123, 255]
merge [120.2] [120.3]
merge [120.0] [120.1]
merge [121] [122]
cut [123] [177, 175]
color [123.0] [94, 72, 77, 255]
merge [123.2] [123.3]
merge [123.0] [123.1]
merge [124] [125]
cut [126] [148, 175]
color [126.0] [142, 145, 112, 255]
merge [126.2] [126.3]
merge [126.0] [126.1]
merge [127] [128]
cut [129] [68, 175]
color [129.0] [86, 88, 69, 255]
merge [129.2] [129.3]
merge [129.0] [129.1]
merge [130] [131]
cut [132] [50, 175]
color [132.0] [0, 0, 0, 255]
merge [132.2] [132.3]
merge [132.0] [132.1]
merge [133] [134]
cut [135] [30, 175]
color [135.0] [244, 244, 245, 255]
merge [135.2] [135.3]
merge [135.0] [135.1]
merge [136] [137]
cut [138] [350, 154]
color [138.0] [0, 0, 0, 255]
merge [138.2] [138.3]
merge [138.0] [138.1]
merge [139] [140]
cut [141] [332, 154]
color [141.0] [141, 143, 110, 255]
merge [141.2] [141.3]
merge [141.0] [141.1]
merge [142] [143]
cut [144] [266, 154]
color [144.0] [93, 71, 75, 255]
merge [144.2] [144.3]
merge [144.0] [144.1]
merge [145] [146]
cut [147] [223, 154]
color [147.0] [227, 197, 123, 255]
merge [147.2] [147.3]
merge [147.0] [147.1]
merge [148] [149]
cut [150] [148, 154]
color [150.0] [142, 145, 112, 255]
merge [150.2] [150.3]
merge [150.0] [150.1]
merge [151] [152]
cut [153] [68, 154]
color [153.0] [0, 0, 0, 255]
merge [153.2] [153.3]
merge [153.0] [153.1]
merge [154] [155]
cut [156] [30, 154]
color [156.0] [244, 244, 245, 255]
merge [156.2] [156.3]
merge [156.0] [156.1]
merge [157] [158]
cut [159] [332, 135]
color [159.0] [0, 0, 0, 255]
merge [159.2] [159.1]
merge [159.0] [159.3]
merge [160] [161]
cut [162] [313, 135]
color [162.0] [141, 143, 110, 255]
merge [162.2] [162.1]
merge [162.0] [162.3]
merge [163] [164]
cut [165] [295, 135]
color [165.0] [95, 84, 80, 255]
merge [165.2] [165.1]
merge [165.0] [165.3]
merge [166] [167]
cut [168] [266, 135]
color [168.0] [93, 71, 75, 255]
merge [168.2] [168.3]
merge [168.0] [168.1]
merge [169] [170]
cut [171] [248, 135]
color [171.0] [94, 75, 76, 255]
merge [171.2] [171.3]
merge [171.0] [171.1]
merge [172] [173]
cut [174] [223, 135]
color [174.0] [227, 197, 123, 255]
merge [174.2] [174.3]
merge [174.0] [174.1]
merge [175] [176]
cut [177] [148, 135]
color [177.0] [142, 145, 112, 255]
merge [177.2] [177.3]
merge [177.0] [177.1]
merge [178] [179]
cut [180] [86, 135]
color [180.0] [0, 0, 0, 255]
merge [180.2] [180.3]
merge [180.0] [180.1]
merge [181] [182]
cut [183] [30, 135]
color [183.0] [244, 244, 245, 255]
merge [183.2] [183.3]
merge [183.0] [183.1]
merge [184] [185]
cut [186] [313, 117]
color [186.0] [0, 0, 0, 255]
merge [186.2] [186.3]
merge [186.0] [186.1]
merge [187] [188]
cut [189] [295, 117]
color [189.0] [95, 84, 80, 255]
merge [189.2] [189.3]
merge [189.0] [189.1]
merge [190] [191]
cut [192] [223, 117]
color [192.0] [227, 197, 123, 255]
merge [192.2] [192.3]
merge [192.0] [192.1]
merge [193] [194]
cut [195] [148, 117]
color [195.0] [96, 85, 81, 255]
merge [195.2] [195.3]
merge [195.0] [195.1]
merge [196] [197]
cut [198] [104, 117]
color [198.0] [0, 0, 0, 255]
merge [198.2] [198.3]
merge [198.0] [198.1]
merge [199] [200]
cut [201] [30, 117]
color [201.0] [244, 244, 245, 255]
merge [201.2] [201.3]
merge [201.0] [201.1]
merge [202] [203]
cut [204] [295, 99]
color [204.0] [0, 0, 0, 255]
merge [204.2] [204.3]
merge [204.0] [204.1]
merge [205] [206]
cut [207] [266, 99]
color [207.0] [95, 84, 80, 255]
merge [207.2] [207.3]
merge [207.0] [207.1]
merge [208] [209]
cut [210] [148, 99]
color [210.0] [0, 0, 0, 255]
merge [210.2] [210.3]
merge [210.0] [210.1]
merge [211] [212]
cut [213] [30, 99]
color [213.0] [244, 244, 245, 255]
merge [213.2] [213.3]
merge [213.0] [213.1]
merge [214] [215]
cut [216] [266, 69]
color [216.0] [0, 0, 0, 255]
merge [216.2] [216.1]
merge [216.0] [216.3]
merge [217] [218]
cut [219] [30, 69]
color [219.0] [244, 244, 245, 255]
merge [219.2] [219.3]
merge [219.0] [219.1]
merge [220] [221]
cut [222] [377, 31]
color [222.0] [244, 244, 245, 255]
merge [222.2] [222.3]
merge [222.0] [222.1]
merge [223] [224]
#$16289
