color [0] [255, 255, 255, 255]
cut [0] [x] [23]
color [0.1] [57, 73, 171, 255]
merge [0.0] [0.1]
cut [1] [x] [377]
color [1.1] [255, 255, 255, 255]
merge [1.0] [1.1]
cut [2] [y] [377]
color [2.0] [57, 73, 171, 255]
merge [2.0] [2.1]
cut [3] [159, 377]
color [3.1] [255, 224, 130, 255]
merge [3.2] [3.1]
merge [3.0] [3.3]
merge [4] [5]
cut [6] [177, 377]
color [6.1] [57, 73, 171, 255]
merge [6.2] [6.1]
merge [6.0] [6.3]
merge [7] [8]
cut [9] [256, 377]
color [9.1] [255, 224, 130, 255]
merge [9.2] [9.1]
merge [9.0] [9.3]
merge [10] [11]
cut [12] [288, 377]
color [12.1] [57, 73, 171, 255]
merge [12.2] [12.1]
merge [12.0] [12.3]
merge [13] [14]
cut [15] [312, 377]
color [15.1] [154, 153, 171, 255]
merge [15.2] [15.1]
merge [15.0] [15.3]
merge [16] [17]
cut [18] [333, 377]
color [18.1] [255, 236, 179, 255]
merge [18.2] [18.1]
merge [18.0] [18.3]
merge [19] [20]
cut [21] [362, 377]
color [21.1] [57, 73, 171, 255]
merge [21.2] [21.1]
merge [21.0] [21.3]
merge [22] [23]
cut [24] [159, 360]
color [24.1] [57, 73, 171, 255]
merge [24.2] [24.1]
merge [24.0] [24.3]
merge [25] [26]
cut [27] [256, 360]
color [27.1] [255, 224, 130, 255]
merge [27.2] [27.1]
merge [27.0] [27.3]
merge [28] [29]
cut [30] [288, 360]
color [30.1] [57, 73, 171, 255]
merge [30.2] [30.1]
merge [30.0] [30.3]
merge [31] [32]
cut [33] [312, 360]
color [33.1] [255, 236, 179, 255]
merge [33.2] [33.1]
merge [33.0] [33.3]
merge [34] [35]
cut [36] [377, 360]
color [36.1] [57, 73, 171, 255]
merge [36.2] [36.3]
merge [36.0] [36.1]
merge [37] [38]
cut [39] [78, 344]
color [39.1] [33, 33, 33, 255]
merge [39.2] [39.1]
merge [39.0] [39.3]
merge [40] [41]
cut [42] [94, 344]
color [42.1] [255, 213, 79, 255]
merge [42.2] [42.1]
merge [42.0] [42.3]
merge [43] [44]
cut [45] [122, 344]
color [45.1] [57, 73, 171, 255]
merge [45.2] [45.1]
merge [45.0] [45.3]
merge [46] [47]
cut [48] [177, 344]
color [48.1] [92, 107, 192, 255]
merge [48.2] [48.1]
merge [48.0] [48.3]
merge [49] [50]
cut [51] [256, 344]
color [51.1] [57, 73, 171, 255]
merge [51.2] [51.1]
merge [51.0] [51.3]
merge [52] [53]
cut [54] [312, 344]
color [54.1] [255, 236, 179, 255]
merge [54.2] [54.1]
merge [54.0] [54.3]
merge [55] [56]
cut [57] [333, 344]
color [57.1] [249, 168, 37, 255]
merge [57.2] [57.1]
merge [57.0] [57.3]
merge [58] [59]
cut [60] [362, 344]
color [60.1] [255, 236, 179, 255]
merge [60.2] [60.3]
merge [60.0] [60.1]
merge [61] [62]
cut [63] [377, 344]
color [63.1] [57, 73, 171, 255]
merge [63.2] [63.3]
merge [63.0] [63.1]
merge [64] [65]
cut [66] [y] [323]
color [66.0] [92, 107, 192, 255]
merge [66.0] [66.1]
cut [67] [23, 323]
color [67.1] [57, 73, 171, 255]
merge [67.2] [67.1]
merge [67.0] [67.3]
merge [68] [69]
cut [70] [78, 323]
color [70.1] [33, 33, 33, 255]
merge [70.2] [70.1]
merge [70.0] [70.3]
merge [71] [72]
cut [73] [94, 323]
color [73.1] [255, 213, 79, 255]
merge [73.2] [73.1]
merge [73.0] [73.3]
merge [74] [75]
cut [76] [122, 323]
color [76.1] [91, 106, 171, 255]
merge [76.2] [76.1]
merge [76.0] [76.3]
merge [77] [78]
cut [79] [144, 323]
color [79.1] [92, 107, 192, 255]
merge [79.2] [79.1]
merge [79.0] [79.3]
merge [80] [81]
cut [82] [271, 323]
color [82.1] [57, 73, 171, 255]
merge [82.2] [82.1]
merge [82.0] [82.3]
merge [83] [84]
cut [85] [23, 300]
color [85.1] [92, 107, 192, 255]
merge [85.2] [85.1]
merge [85.0] [85.3]
merge [86] [87]
cut [88] [45, 300]
color [88.1] [57, 73, 171, 255]
merge [88.2] [88.1]
merge [88.0] [88.3]
merge [89] [90]
cut [91] [78, 300]
color [91.1] [33, 33, 33, 255]
merge [91.2] [91.1]
merge [91.0] [91.3]
merge [92] [93]
cut [94] [94, 300]
color [94.1] [57, 73, 171, 255]
merge [94.2] [94.1]
merge [94.0] [94.3]
merge [95] [96]
cut [97] [122, 300]
color [97.1] [92, 107, 192, 255]
merge [97.2] [97.1]
merge [97.0] [97.3]
merge [98] [99]
cut [100] [288, 300]
color [100.1] [57, 73, 171, 255]
merge [100.2] [100.1]
merge [100.0] [100.3]
merge [101] [102]
cut [103] [312, 300]
color [103.1] [255, 224, 130, 255]
merge [103.2] [103.3]
merge [103.0] [103.1]
merge [104] [105]
cut [106] [333, 300]
color [106.1] [57, 73, 171, 255]
merge [106.2] [106.3]
merge [106.0] [106.1]
merge [107] [108]
cut [109] [45, 282]
color [109.1] [92, 107, 192, 255]
merge [109.2] [109.1]
merge [109.0] [109.3]
merge [110] [111]
cut [112] [78, 282]
color [112.1] [33, 33, 33, 255]
merge [112.2] [112.1]
merge [112.0] [112.3]
merge [113] [114]
cut [115] [94, 282]
color [115.1] [92, 107, 192, 255]
merge [115.2] [115.1]
merge [115.0] [115.3]
merge [116] [117]
cut [118] [159, 282]
color [118.1] [235, 209, 143, 255]
merge [118.2] [118.1]
merge [118.0] [118.3]
merge [119] [120]
cut [121] [177, 282]
color [121.1] [92, 107, 192, 255]
merge [121.2] [121.1]
merge [121.0] [121.3]
merge [122] [123]
cut [124] [196, 282]
color [124.1] [121, 134, 203, 255]
merge [124.2] [124.1]
merge [124.0] [124.3]
merge [125] [126]
cut [127] [211, 282]
color [127.1] [92, 107, 192, 255]
merge [127.2] [127.1]
merge [127.0] [127.3]
merge [128] [129]
cut [130] [288, 282]
color [130.1] [57, 73, 171, 255]
merge [130.2] [130.3]
merge [130.0] [130.1]
merge [131] [132]
cut [133] [312, 282]
color [133.1] [255, 224, 130, 255]
merge [133.2] [133.3]
merge [133.0] [133.1]
merge [134] [135]
cut [136] [333, 282]
color [136.1] [57, 73, 171, 255]
merge [136.2] [136.3]
merge [136.0] [136.1]
merge [137] [138]
cut [139] [23, 267]
color [139.1] [254, 212, 79, 255]
merge [139.2] [139.1]
merge [139.0] [139.3]
merge [140] [141]
cut [142] [45, 267]
color [142.1] [92, 107, 192, 255]
merge [142.2] [142.1]
merge [142.0] [142.3]
merge [143] [144]
cut [145] [78, 267]
color [145.1] [33, 33, 33, 255]
merge [145.2] [145.1]
merge [145.0] [145.3]
merge [146] [147]
cut [148] [94, 267]
color [148.1] [92, 107, 192, 255]
merge [148.2] [148.1]
merge [148.0] [148.3]
merge [149] [150]
cut [151] [144, 267]
color [151.1] [255, 224, 130, 255]
merge [151.2] [151.1]
merge [151.0] [151.3]
merge [152] [153]
cut [154] [177, 267]
color [154.1] [121, 134, 203, 255]
merge [154.2] [154.1]
merge [154.0] [154.3]
merge [155] [156]
cut [157] [234, 267]
color [157.1] [92, 107, 192, 255]
merge [157.2] [157.1]
merge [157.0] [157.3]
merge [158] [159]
cut [160] [312, 267]
color [160.1] [121, 134, 203, 255]
merge [160.2] [160.3]
merge [160.0] [160.1]
merge [161] [162]
cut [163] [333, 267]
color [163.1] [57, 73, 171, 255]
merge [163.2] [163.3]
merge [163.0] [163.1]
merge [164] [165]
cut [166] [23, 245]
color [166.1] [92, 107, 192, 255]
merge [166.2] [166.1]
merge [166.0] [166.3]
merge [167] [168]
cut [169] [78, 245]
color [169.1] [33, 33, 33, 255]
merge [169.2] [169.1]
merge [169.0] [169.3]
merge [170] [171]
cut [172] [122, 245]
color [172.1] [57, 73, 171, 255]
merge [172.2] [172.1]
merge [172.0] [172.3]
merge [173] [174]
cut [175] [159, 245]
color [175.1] [121, 134, 203, 255]
merge [175.2] [175.1]
merge [175.0] [175.3]
merge [176] [177]
cut [178] [362, 245]
color [178.1] [57, 73, 171, 255]
merge [178.2] [178.3]
merge [178.0] [178.1]
merge [179] [180]
cut [181] [45, 222]
color [181.1] [255, 213, 79, 255]
merge [181.2] [181.1]
merge [181.0] [181.3]
merge [182] [183]
cut [184] [78, 222]
color [184.1] [33, 33, 33, 255]
merge [184.2] [184.1]
merge [184.0] [184.3]
merge [185] [186]
cut [187] [122, 222]
color [187.1] [57, 73, 171, 255]
merge [187.2] [187.3]
merge [187.0] [187.1]
merge [188] [189]
cut [190] [177, 222]
color [190.1] [121, 134, 203, 255]
merge [190.2] [190.1]
merge [190.0] [190.3]
merge [191] [192]
cut [193] [362, 222]
color [193.1] [57, 73, 171, 255]
merge [193.2] [193.3]
merge [193.0] [193.1]
merge [194] [195]
cut [196] [y] [200]
color [196.0] [57, 73, 171, 255]
merge [196.0] [196.1]
cut [197] [45, 200]
color [197.1] [255, 213, 79, 255]
merge [197.2] [197.3]
merge [197.0] [197.1]
merge [198] [199]
cut [200] [78, 200]
color [200.1] [33, 33, 33, 255]
merge [200.2] [200.3]
merge [200.0] [200.1]
merge [201] [202]
cut [203] [122, 200]
color [203.1] [57, 73, 171, 255]
merge [203.2] [203.3]
merge [203.0] [203.1]
merge [204] [205]
cut [206] [159, 200]
color [206.1] [255, 236, 179, 255]
merge [206.2] [206.3]
merge [206.0] [206.1]
merge [207] [208]
cut [209] [196, 200]
color [209.1] [121, 134, 203, 255]
merge [209.2] [209.3]
merge [209.0] [209.1]
merge [210] [211]
cut [212] [271, 200]
color [212.1] [57, 73, 171, 255]
merge [212.2] [212.3]
merge [212.0] [212.1]
merge [213] [214]
cut [215] [288, 200]
color [215.1] [121, 134, 203, 255]
merge [215.2] [215.3]
merge [215.0] [215.1]
merge [216] [217]
cut [218] [362, 200]
color [218.1] [255, 236, 179, 255]
merge [218.2] [218.3]
merge [218.0] [218.1]
merge [219] [220]
cut [221] [45, 178]
color [221.1] [57, 73, 171, 255]
merge [221.2] [221.3]
merge [221.0] [221.1]
merge [222] [223]
cut [224] [78, 178]
color [224.1] [33, 33, 33, 255]
merge [224.2] [224.3]
merge [224.0] [224.1]
merge [225] [226]
cut [227] [122, 178]
color [227.1] [57, 73, 171, 255]
merge [227.2] [227.3]
merge [227.0] [227.1]
merge [228] [229]
cut [230] [144, 178]
color [230.1] [255, 236, 179, 255]
merge [230.2] [230.3]
merge [230.0] [230.1]
merge [231] [232]
cut [233] [211, 178]
color [233.1] [57, 73, 171, 255]
merge [233.2] [233.3]
merge [233.0] [233.1]
merge [234] [235]
cut [236] [288, 178]
color [236.1] [255, 236, 179, 255]
merge [236.2] [236.3]
merge [236.0] [236.1]
merge [237] [238]
cut [239] [y] [155]
color [239.0] [255, 236, 179, 255]
merge [239.0] [239.1]
cut [240] [60, 155]
color [240.1] [33, 33, 33, 255]
merge [240.2] [240.3]
merge [240.0] [240.1]
merge [241] [242]
cut [243] [122, 155]
color [243.1] [57, 73, 171, 255]
merge [243.2] [243.1]
merge [243.0] [243.3]
merge [244] [245]
cut [246] [144, 155]
color [246.1] [33, 33, 33, 255]
merge [246.2] [246.3]
merge [246.0] [246.1]
merge [247] [248]
cut [249] [159, 155]
color [249.1] [255, 236, 179, 255]
merge [249.2] [249.3]
merge [249.0] [249.1]
merge [250] [251]
cut [252] [362, 155]
color [252.1] [26, 35, 126, 255]
merge [252.2] [252.3]
merge [252.0] [252.1]
merge [253] [254]
cut [255] [60, 139]
color [255.1] [255, 236, 179, 255]
merge [255.2] [255.1]
merge [255.0] [255.3]
merge [256] [257]
cut [258] [78, 139]
color [258.1] [33, 33, 33, 255]
merge [258.2] [258.1]
merge [258.0] [258.3]
merge [259] [260]
cut [261] [159, 139]
color [261.1] [255, 236, 179, 255]
merge [261.2] [261.3]
merge [261.0] [261.1]
merge [262] [263]
cut [264] [288, 139]
color [264.1] [26, 35, 126, 255]
merge [264.2] [264.3]
merge [264.0] [264.1]
merge [265] [266]
cut [267] [y] [115]
color [267.0] [40, 53, 147, 255]
merge [267.0] [267.1]
cut [268] [60, 115]
color [268.1] [255, 236, 179, 255]
merge [268.2] [268.3]
merge [268.0] [268.1]
merge [269] [270]
cut [271] [78, 115]
color [271.1] [33, 33, 33, 255]
merge [271.2] [271.3]
merge [271.0] [271.1]
merge [272] [273]
cut [274] [159, 115]
color [274.1] [255, 236, 179, 255]
merge [274.2] [274.3]
merge [274.0] [274.1]
merge [275] [276]
cut [277] [177, 115]
color [277.1] [26, 35, 126, 255]
merge [277.2] [277.3]
merge [277.0] [277.1]
merge [278] [279]
cut [280] [60, 100]
color [280.1] [33, 35, 126, 255]
merge [280.2] [280.3]
merge [280.0] [280.1]
merge [281] [282]
cut [283] [78, 100]
color [283.1] [33, 33, 33, 255]
merge [283.2] [283.3]
merge [283.0] [283.1]
merge [284] [285]
cut [286] [177, 100]
color [286.1] [26, 35, 126, 255]
merge [286.2] [286.3]
merge [286.0] [286.1]
merge [287] [288]
cut [289] [y] [85]
color [289.0] [26, 35, 126, 255]
merge [289.0] [289.1]
cut [290] [60, 85]
color [290.1] [33, 33, 33, 255]
merge [290.2] [290.3]
merge [290.0] [290.1]
merge [291] [292]
cut [293] [196, 85]
color [293.1] [26, 35, 126, 255]
merge [293.2] [293.1]
merge [293.0] [293.3]
merge [294] [295]
cut [296] [196, 40]
color [296.1] [33, 33, 33, 255]
merge [296.2] [296.1]
merge [296.0] [296.3]
merge [297] [298]
cut [299] [211, 40]
color [299.1] [26, 35, 126, 255]
merge [299.2] [299.1]
merge [299.0] [299.3]
merge [300] [301]
cut [302] [y] [24]
color [302.0] [254, 254, 254, 255]
merge [302.0] [302.1]
cut [303] [23, 24]
color [303.1] [26, 35, 126, 255]
merge [303.2] [303.3]
merge [303.0] [303.1]
merge [304] [305]
cut [306] [78, 24]
color [306.1] [33, 33, 33, 255]
merge [306.2] [306.1]
merge [306.0] [306.3]
merge [307] [308]
cut [309] [211, 24]
color [309.1] [26, 35, 126, 255]
merge [309.2] [309.1]
merge [309.0] [309.3]
merge [310] [311]
#$19684
