color [0] [238, 164, 17, 255]
cut [0] [x] [341]
color [0.0] [169, 17, 4, 255]
merge [0.0] [0.1]
cut [1] [x] [321]
color [1.0] [74, 69, 75, 255]
merge [1.0] [1.1]
cut [2] [x] [260]
color [2.0] [154, 0, 2, 255]
merge [2.0] [2.1]
cut [3] [x] [195]
color [3.0] [172, 16, 4, 255]
merge [3.0] [3.1]
cut [4] [x] [158]
color [4.0] [151, 0, 1, 255]
merge [4.0] [4.1]
cut [5] [x] [134]
color [5.0] [183, 27, 4, 255]
merge [5.0] [5.1]
cut [6] [x] [101]
color [6.0] [219, 88, 6, 255]
merge [6.0] [6.1]
cut [7] [x] [19]
color [7.0] [241, 178, 47, 255]
merge [7.0] [7.1]
cut [8] [321, 28]
color [8.3] [226, 126, 30, 255]
merge [8.2] [8.1]
merge [8.0] [8.3]
merge [9] [10]
cut [11] [302, 28]
color [11.3] [231, 128, 9, 255]
merge [11.2] [11.1]
merge [11.0] [11.3]
merge [12] [13]
cut [14] [260, 28]
color [14.3] [184, 28, 5, 255]
merge [14.2] [14.1]
merge [14.0] [14.3]
merge [15] [16]
cut [17] [195, 28]
color [17.3] [244, 211, 114, 255]
merge [17.2] [17.1]
merge [17.0] [17.3]
merge [18] [19]
cut [20] [158, 28]
color [20.3] [78, 60, 72, 255]
merge [20.2] [20.1]
merge [20.0] [20.3]
merge [21] [22]
cut [23] [134, 28]
color [23.3] [231, 138, 11, 255]
merge [23.2] [23.1]
merge [23.0] [23.3]
merge [24] [25]
cut [26] [101, 28]
color [26.3] [245, 211, 113, 255]
merge [26.2] [26.1]
merge [26.0] [26.3]
merge [27] [28]
cut [29] [19, 28]
color [29.3] [212, 84, 12, 255]
merge [29.2] [29.3]
merge [29.0] [29.1]
merge [30] [31]
cut [32] [341, 46]
color [32.3] [232, 140, 11, 255]
merge [32.2] [32.1]
merge [32.0] [32.3]
merge [33] [34]
cut [35] [321, 46]
color [35.3] [231, 128, 9, 255]
merge [35.2] [35.1]
merge [35.0] [35.3]
merge [36] [37]
cut [38] [260, 46]
color [38.3] [184, 28, 5, 255]
merge [38.2] [38.1]
merge [38.0] [38.3]
merge [39] [40]
cut [41] [195, 46]
color [41.3] [244, 211, 114, 255]
merge [41.2] [41.1]
merge [41.0] [41.3]
merge [42] [43]
cut [44] [158, 46]
color [44.3] [78, 60, 72, 255]
merge [44.2] [44.1]
merge [44.0] [44.3]
merge [45] [46]
cut [47] [134, 46]
color [47.3] [231, 138, 11, 255]
merge [47.2] [47.1]
merge [47.0] [47.3]
merge [48] [49]
cut [50] [101, 46]
color [50.3] [245, 211, 113, 255]
merge [50.2] [50.1]
merge [50.0] [50.3]
merge [51] [52]
cut [53] [19, 46]
color [53.3] [209, 70, 5, 255]
merge [53.2] [53.3]
merge [53.0] [53.1]
merge [54] [55]
cut [56] [y] [64]
color [56.1] [66, 55, 59, 255]
merge [56.0] [56.1]
cut [57] [341, 64]
color [57.3] [232, 140, 11, 255]
merge [57.2] [57.1]
merge [57.0] [57.3]
merge [58] [59]
cut [60] [302, 64]
color [60.3] [231, 128, 9, 255]
merge [60.2] [60.1]
merge [60.0] [60.3]
merge [61] [62]
cut [63] [237, 64]
color [63.3] [184, 28, 5, 255]
merge [63.2] [63.1]
merge [63.0] [63.3]
merge [64] [65]
cut [66] [195, 64]
color [66.3] [244, 211, 114, 255]
merge [66.2] [66.1]
merge [66.0] [66.3]
merge [67] [68]
cut [69] [158, 64]
color [69.3] [78, 60, 72, 255]
merge [69.2] [69.1]
merge [69.0] [69.3]
merge [70] [71]
cut [72] [134, 64]
color [72.3] [231, 138, 11, 255]
merge [72.2] [72.1]
merge [72.0] [72.3]
merge [73] [74]
cut [75] [101, 64]
color [75.3] [245, 211, 113, 255]
merge [75.2] [75.1]
merge [75.0] [75.3]
merge [76] [77]
cut [78] [72, 64]
color [78.3] [217, 133, 91, 255]
merge [78.2] [78.1]
merge [78.0] [78.3]
merge [79] [80]
cut [81] [37, 64]
color [81.3] [209, 70, 5, 255]
merge [81.2] [81.3]
merge [81.0] [81.1]
merge [82] [83]
cut [84] [y] [88]
color [84.1] [115, 36, 31, 255]
merge [84.0] [84.1]
cut [85] [381, 88]
color [85.3] [66, 55, 59, 255]
merge [85.2] [85.1]
merge [85.0] [85.3]
merge [86] [87]
cut [88] [341, 88]
color [88.3] [226, 139, 11, 255]
merge [88.2] [88.1]
merge [88.0] [88.3]
merge [89] [90]
cut [91] [321, 88]
color [91.3] [209, 67, 5, 255]
merge [91.2] [91.1]
merge [91.0] [91.3]
merge [92] [93]
cut [94] [302, 88]
color [94.3] [161, 8, 3, 255]
merge [94.2] [94.1]
merge [94.0] [94.3]
merge [95] [96]
cut [97] [237, 88]
color [97.3] [236, 160, 15, 255]
merge [97.2] [97.1]
merge [97.0] [97.3]
merge [98] [99]
cut [100] [195, 88]
color [100.3] [209, 81, 11, 255]
merge [100.2] [100.1]
merge [100.0] [100.3]
merge [101] [102]
cut [103] [177, 88]
color [103.3] [205, 62, 6, 255]
merge [103.2] [103.1]
merge [103.0] [103.3]
merge [104] [105]
cut [106] [158, 88]
color [106.3] [72, 51, 60, 255]
merge [106.2] [106.1]
merge [106.0] [106.3]
merge [107] [108]
cut [109] [134, 88]
color [109.3] [159, 6, 3, 255]
merge [109.2] [109.1]
merge [109.0] [109.3]
merge [110] [111]
cut [112] [101, 88]
color [112.3] [220, 91, 5, 255]
merge [112.2] [112.1]
merge [112.0] [112.3]
merge [113] [114]
cut [115] [72, 88]
color [115.3] [98, 46, 50, 255]
merge [115.2] [115.3]
merge [115.0] [115.1]
merge [116] [117]
cut [118] [y] [110]
color [118.1] [168, 18, 4, 255]
merge [118.0] [118.1]
cut [119] [341, 110]
color [119.3] [209, 67, 5, 255]
merge [119.2] [119.1]
merge [119.0] [119.3]
merge [120] [121]
cut [122] [302, 110]
color [122.3] [161, 8, 3, 255]
merge [122.2] [122.1]
merge [122.0] [122.3]
merge [123] [124]
cut [125] [237, 110]
color [125.3] [236, 160, 15, 255]
merge [125.2] [125.1]
merge [125.0] [125.3]
merge [126] [127]
cut [128] [177, 110]
color [128.3] [205, 62, 6, 255]
merge [128.2] [128.1]
merge [128.0] [128.3]
merge [129] [130]
cut [131] [158, 110]
color [131.3] [72, 51, 60, 255]
merge [131.2] [131.1]
merge [131.0] [131.3]
merge [132] [133]
cut [134] [134, 110]
color [134.3] [159, 6, 3, 255]
merge [134.2] [134.1]
merge [134.0] [134.3]
merge [135] [136]
cut [137] [101, 110]
color [137.3] [220, 91, 5, 255]
merge [137.2] [137.3]
merge [137.0] [137.1]
merge [138] [139]
cut [140] [72, 110]
color [140.3] [98, 46, 50, 255]
merge [140.2] [140.3]
merge [140.0] [140.1]
merge [141] [142]
cut [143] [321, 133]
color [143.3] [161, 8, 3, 255]
merge [143.2] [143.1]
merge [143.0] [143.3]
merge [144] [145]
cut [146] [260, 133]
color [146.3] [236, 160, 15, 255]
merge [146.2] [146.1]
merge [146.0] [146.3]
merge [147] [148]
cut [149] [177, 133]
color [149.3] [205, 62, 6, 255]
merge [149.2] [149.1]
merge [149.0] [149.3]
merge [150] [151]
cut [152] [134, 133]
color [152.3] [99, 50, 57, 255]
merge [152.2] [152.1]
merge [152.0] [152.3]
merge [153] [154]
cut [155] [101, 133]
color [155.3] [220, 91, 5, 255]
merge [155.2] [155.3]
merge [155.0] [155.1]
merge [156] [157]
cut [158] [72, 133]
color [158.3] [98, 46, 50, 255]
merge [158.2] [158.3]
merge [158.0] [158.1]
merge [159] [160]
cut [161] [321, 157]
color [161.3] [162, 14, 3, 255]
merge [161.2] [161.1]
merge [161.0] [161.3]
merge [162] [163]
cut [164] [302, 157]
color [164.3] [161, 8, 3, 255]
merge [164.2] [164.1]
merge [164.0] [164.3]
merge [165] [166]
cut [167] [260, 157]
color [167.3] [236, 160, 15, 255]
merge [167.2] [167.1]
merge [167.0] [167.3]
merge [168] [169]
cut [170] [177, 157]
color [170.3] [205, 62, 6, 255]
merge [170.2] [170.1]
merge [170.0] [170.3]
merge [171] [172]
cut [173] [134, 157]
color [173.3] [196, 52, 45, 255]
merge [173.2] [173.3]
merge [173.0] [173.1]
merge [174] [175]
cut [176] [101, 157]
color [176.3] [243, 218, 150, 255]
merge [176.2] [176.3]
merge [176.0] [176.1]
merge [177] [178]
cut [179] [72, 157]
color [179.3] [79, 79, 87, 255]
merge [179.2] [179.3]
merge [179.0] [179.1]
merge [180] [181]
cut [182] [37, 157]
color [182.3] [98, 46, 50, 255]
merge [182.2] [182.3]
merge [182.0] [182.1]
merge [183] [184]
cut [185] [y] [175]
color [185.1] [87, 54, 63, 255]
merge [185.0] [185.1]
cut [186] [341, 175]
color [186.3] [240, 174, 36, 255]
merge [186.2] [186.1]
merge [186.0] [186.3]
merge [187] [188]
cut [189] [321, 175]
color [189.3] [213, 150, 31, 255]
merge [189.2] [189.1]
merge [189.0] [189.3]
merge [190] [191]
cut [192] [302, 175]
color [192.3] [179, 19, 3, 255]
merge [192.2] [192.1]
merge [192.0] [192.3]
merge [193] [194]
cut [195] [260, 175]
color [195.3] [236, 160, 15, 255]
merge [195.2] [195.1]
merge [195.0] [195.3]
merge [196] [197]
cut [198] [177, 175]
color [198.3] [205, 62, 6, 255]
merge [198.2] [198.3]
merge [198.0] [198.1]
merge [199] [200]
cut [201] [158, 175]
color [201.3] [142, 2, 11, 255]
merge [201.2] [201.3]
merge [201.0] [201.1]
merge [202] [203]
cut [204] [134, 175]
color [204.3] [196, 49, 5, 255]
merge [204.2] [204.3]
merge [204.0] [204.1]
merge [205] [206]
cut [207] [101, 175]
color [207.3] [246, 222, 152, 255]
merge [207.2] [207.3]
merge [207.0] [207.1]
merge [208] [209]
cut [210] [72, 175]
color [210.3] [79, 79, 87, 255]
merge [210.2] [210.3]
merge [210.0] [210.1]
merge [211] [212]
cut [213] [y] [207]
color [213.1] [95, 53, 62, 255]
merge [213.0] [213.1]
cut [214] [381, 207]
color [214.3] [87, 54, 63, 255]
merge [214.2] [214.3]
merge [214.0] [214.1]
merge [215] [216]
cut [217] [341, 207]
color [217.3] [240, 174, 36, 255]
merge [217.2] [217.3]
merge [217.0] [217.1]
merge [218] [219]
cut [220] [302, 207]
color [220.3] [179, 19, 3, 255]
merge [220.2] [220.3]
merge [220.0] [220.1]
merge [221] [222]
cut [223] [260, 207]
color [223.3] [218, 85, 6, 255]
merge [223.2] [223.3]
merge [223.0] [223.1]
merge [224] [225]
cut [226] [218, 207]
color [226.3] [210, 83, 10, 255]
merge [226.2] [226.3]
merge [226.0] [226.1]
merge [227] [228]
cut [229] [195, 207]
color [229.3] [142, 2, 11, 255]
merge [229.2] [229.3]
merge [229.0] [229.1]
merge [230] [231]
cut [232] [134, 207]
color [232.3] [196, 49, 5, 255]
merge [232.2] [232.3]
merge [232.0] [232.1]
merge [233] [234]
cut [235] [101, 207]
color [235.3] [246, 222, 152, 255]
merge [235.2] [235.3]
merge [235.0] [235.1]
merge [236] [237]
cut [238] [72, 207]
color [238.3] [79, 79, 87, 255]
merge [238.2] [238.3]
merge [238.0] [238.1]
merge [239] [240]
cut [241] [y] [230]
color [241.1] [194, 46, 3, 255]
merge [241.0] [241.1]
cut [242] [381, 230]
color [242.3] [87, 54, 63, 255]
merge [242.2] [242.3]
merge [242.0] [242.1]
merge [243] [244]
cut [245] [341, 230]
color [245.3] [209, 70, 5, 255]
merge [245.2] [245.3]
merge [245.0] [245.1]
merge [246] [247]
cut [248] [302, 230]
color [248.3] [142, 2, 11, 255]
merge [248.2] [248.3]
merge [248.0] [248.1]
merge [249] [250]
cut [251] [260, 230]
color [251.3] [218, 85, 6, 255]
merge [251.2] [251.3]
merge [251.0] [251.1]
merge [252] [253]
cut [254] [218, 230]
color [254.3] [142, 2, 11, 255]
merge [254.2] [254.1]
merge [254.0] [254.3]
merge [255] [256]
cut [257] [158, 230]
color [257.3] [196, 49, 5, 255]
merge [257.2] [257.3]
merge [257.0] [257.1]
merge [258] [259]
cut [260] [101, 230]
color [260.3] [246, 222, 152, 255]
merge [260.2] [260.3]
merge [260.0] [260.1]
merge [261] [262]
cut [263] [72, 230]
color [263.3] [234, 206, 134, 255]
merge [263.2] [263.3]
merge [263.0] [263.1]
merge [264] [265]
cut [266] [37, 230]
color [266.3] [79, 79, 87, 255]
merge [266.2] [266.3]
merge [266.0] [266.1]
merge [267] [268]
cut [269] [y] [253]
color [269.1] [87, 54, 63, 255]
merge [269.0] [269.1]
cut [270] [341, 253]
color [270.3] [209, 70, 5, 255]
merge [270.2] [270.3]
merge [270.0] [270.1]
merge [271] [272]
cut [273] [302, 253]
color [273.3] [142, 2, 11, 255]
merge [273.2] [273.1]
merge [273.0] [273.3]
merge [274] [275]
cut [276] [260, 253]
color [276.3] [188, 58, 6, 255]
merge [276.2] [276.3]
merge [276.0] [276.1]
merge [277] [278]
cut [279] [237, 253]
color [279.3] [218, 85, 6, 255]
merge [279.2] [279.3]
merge [279.0] [279.1]
merge [280] [281]
cut [282] [218, 253]
color [282.3] [142, 2, 11, 255]
merge [282.2] [282.3]
merge [282.0] [282.1]
merge [283] [284]
cut [285] [177, 253]
color [285.3] [189, 47, 8, 255]
merge [285.2] [285.3]
merge [285.0] [285.1]
merge [286] [287]
cut [288] [158, 253]
color [288.3] [196, 49, 5, 255]
merge [288.2] [288.3]
merge [288.0] [288.1]
merge [289] [290]
cut [291] [101, 253]
color [291.3] [63, 44, 48, 255]
merge [291.2] [291.3]
merge [291.0] [291.1]
merge [292] [293]
cut [294] [37, 253]
color [294.3] [201, 55, 6, 255]
merge [294.2] [294.3]
merge [294.0] [294.1]
merge [295] [296]
cut [297] [y] [279]
color [297.1] [111, 61, 62, 255]
merge [297.0] [297.1]
cut [298] [381, 279]
color [298.3] [220, 130, 55, 255]
merge [298.2] [298.3]
merge [298.0] [298.1]
merge [299] [300]
cut [301] [341, 279]
color [301.3] [209, 70, 5, 255]
merge [301.2] [301.3]
merge [301.0] [301.1]
merge [302] [303]
cut [304] [302, 279]
color [304.3] [142, 2, 11, 255]
merge [304.2] [304.3]
merge [304.0] [304.1]
merge [305] [306]
cut [307] [260, 279]
color [307.3] [182, 26, 4, 255]
merge [307.2] [307.3]
merge [307.0] [307.1]
merge [308] [309]
cut [310] [237, 279]
color [310.3] [218, 85, 6, 255]
merge [310.2] [310.3]
merge [310.0] [310.1]
merge [311] [312]
cut [313] [218, 279]
color [313.3] [142, 2, 11, 255]
merge [313.2] [313.3]
merge [313.0] [313.1]
merge [314] [315]
cut [316] [177, 279]
color [316.3] [173, 47, 48, 255]
merge [316.2] [316.3]
merge [316.0] [316.1]
merge [317] [318]
cut [319] [158, 279]
color [319.3] [63, 44, 48, 255]
merge [319.2] [319.3]
merge [319.0] [319.1]
merge [320] [321]
cut [322] [37, 279]
color [322.3] [201, 55, 6, 255]
merge [322.2] [322.3]
merge [322.0] [322.1]
merge [323] [324]
cut [325] [y] [297]
color [325.1] [231, 136, 10, 255]
merge [325.0] [325.1]
cut [326] [341, 297]
color [326.3] [209, 70, 5, 255]
merge [326.2] [326.3]
merge [326.0] [326.1]
merge [327] [328]
cut [329] [302, 297]
color [329.3] [142, 2, 11, 255]
merge [329.2] [329.3]
merge [329.0] [329.1]
merge [330] [331]
cut [332] [260, 297]
color [332.3] [182, 26, 4, 255]
merge [332.2] [332.3]
merge [332.0] [332.1]
merge [333] [334]
cut [335] [218, 297]
color [335.3] [199, 53, 6, 255]
merge [335.2] [335.3]
merge [335.0] [335.1]
merge [336] [337]
cut [338] [177, 297]
color [338.3] [63, 44, 48, 255]
merge [338.2] [338.1]
merge [338.0] [338.3]
merge [339] [340]
cut [341] [37, 297]
color [341.3] [201, 55, 6, 255]
merge [341.2] [341.3]
merge [341.0] [341.1]
merge [342] [343]
cut [344] [237, 333]
color [344.3] [199, 53, 6, 255]
merge [344.2] [344.1]
merge [344.0] [344.3]
merge [345] [346]
cut [347] [195, 333]
color [347.3] [241, 181, 49, 255]
merge [347.2] [347.1]
merge [347.0] [347.3]
merge [348] [349]
cut [350] [177, 333]
color [350.3] [230, 125, 8, 255]
merge [350.2] [350.1]
merge [350.0] [350.3]
merge [351] [352]
cut [353] [37, 333]
color [353.3] [125, 21, 22, 255]
merge [353.2] [353.3]
merge [353.0] [353.1]
merge [354] [355]
cut [356] [y] [352]
color [356.1] [80, 73, 79, 255]
merge [356.0] [356.1]
cut [357] [381, 352]
color [357.3] [88, 53, 60, 255]
merge [357.2] [357.3]
merge [357.0] [357.1]
merge [358] [359]
cut [360] [341, 352]
color [360.3] [123, 25, 26, 255]
merge [360.2] [360.3]
merge [360.0] [360.1]
merge [361] [362]
cut [363] [302, 352]
color [363.3] [205, 63, 5, 255]
merge [363.2] [363.1]
merge [363.0] [363.3]
merge [364] [365]
cut [366] [260, 352]
color [366.3] [76, 58, 70, 255]
merge [366.2] [366.1]
merge [366.0] [366.3]
merge [367] [368]
cut [369] [237, 352]
color [369.3] [241, 181, 49, 255]
merge [369.2] [369.1]
merge [369.0] [369.3]
merge [370] [371]
cut [372] [158, 352]
color [372.3] [230, 125, 8, 255]
merge [372.2] [372.1]
merge [372.0] [372.3]
merge [373] [374]
cut [375] [37, 352]
color [375.3] [125, 21, 22, 255]
merge [375.2] [375.3]
merge [375.0] [375.1]
merge [376] [377]
#$29785
