color [0] [255, 255, 255, 255]
cut [0] [78, 320]
color [0.1] [188, 166, 204, 255]
merge [0.2] [0.1]
merge [0.0] [0.3]
merge [1] [2]
cut [3] [123, 320]
color [3.1] [255, 255, 255, 255]
merge [3.2] [3.1]
merge [3.0] [3.3]
merge [4] [5]
cut [6] [209, 320]
color [6.1] [114, 58, 145, 255]
merge [6.2] [6.1]
merge [6.0] [6.3]
merge [7] [8]
cut [9] [254, 320]
color [9.1] [255, 255, 255, 255]
merge [9.2] [9.1]
merge [9.0] [9.3]
merge [10] [11]
cut [12] [63, 305]
color [12.1] [188, 166, 204, 255]
merge [12.2] [12.1]
merge [12.0] [12.3]
merge [13] [14]
cut [15] [138, 305]
color [15.1] [255, 255, 255, 255]
merge [15.2] [15.1]
merge [15.0] [15.3]
merge [16] [17]
cut [18] [194, 305]
color [18.1] [114, 58, 145, 255]
merge [18.2] [18.1]
merge [18.0] [18.3]
merge [19] [20]
cut [21] [269, 305]
color [21.1] [255, 255, 255, 255]
merge [21.2] [21.1]
merge [21.0] [21.3]
merge [22] [23]
cut [24] [63, 278]
color [24.1] [255, 255, 255, 255]
merge [24.2] [24.1]
merge [24.0] [24.3]
merge [25] [26]
cut [27] [123, 278]
color [27.1] [188, 166, 204, 255]
merge [27.2] [27.1]
merge [27.0] [27.3]
merge [28] [29]
cut [30] [159, 278]
color [30.1] [255, 255, 255, 255]
merge [30.2] [30.1]
merge [30.0] [30.3]
merge [31] [32]
cut [33] [254, 278]
color [33.1] [114, 58, 145, 255]
merge [33.2] [33.1]
merge [33.0] [33.3]
merge [34] [35]
cut [36] [287, 278]
color [36.1] [255, 255, 255, 255]
merge [36.2] [36.3]
merge [36.0] [36.1]
merge [37] [38]
cut [39] [287, 242]
color [39.1] [114, 58, 145, 255]
merge [39.2] [39.3]
merge [39.0] [39.1]
merge [40] [41]
cut [42] [303, 242]
color [42.1] [255, 255, 255, 255]
merge [42.2] [42.3]
merge [42.0] [42.1]
merge [43] [44]
cut [45] [108, 226]
color [45.1] [188, 166, 204, 255]
merge [45.2] [45.1]
merge [45.0] [45.3]
merge [46] [47]
cut [48] [176, 226]
color [48.1] [255, 255, 255, 255]
merge [48.2] [48.1]
merge [48.0] [48.3]
merge [49] [50]
cut [51] [239, 226]
color [51.1] [114, 58, 145, 255]
merge [51.2] [51.3]
merge [51.0] [51.1]
merge [52] [53]
cut [54] [303, 226]
color [54.1] [255, 255, 255, 255]
merge [54.2] [54.3]
merge [54.0] [54.1]
merge [55] [56]
cut [57] [138, 210]
color [57.1] [255, 255, 255, 255]
merge [57.2] [57.3]
merge [57.0] [57.1]
merge [58] [59]
cut [60] [159, 210]
color [60.1] [188, 166, 204, 255]
merge [60.2] [60.3]
merge [60.0] [60.1]
merge [61] [62]
cut [63] [176, 210]
color [63.1] [255, 255, 255, 255]
merge [63.2] [63.1]
merge [63.0] [63.3]
merge [64] [65]
cut [66] [239, 210]
color [66.1] [114, 58, 145, 255]
merge [66.2] [66.3]
merge [66.0] [66.1]
merge [67] [68]
cut [69] [269, 210]
color [69.1] [255, 255, 255, 255]
merge [69.2] [69.3]
merge [69.0] [69.1]
merge [70] [71]
cut [72] [287, 210]
color [72.1] [114, 58, 145, 255]
merge [72.2] [72.3]
merge [72.0] [72.1]
merge [73] [74]
cut [75] [303, 210]
color [75.1] [255, 255, 255, 255]
merge [75.2] [75.3]
merge [75.0] [75.1]
merge [76] [77]
cut [78] [93, 194]
color [78.1] [188, 166, 204, 255]
merge [78.2] [78.3]
merge [78.0] [78.1]
merge [79] [80]
cut [81] [123, 194]
color [81.1] [255, 255, 255, 255]
merge [81.2] [81.3]
merge [81.0] [81.1]
merge [82] [83]
cut [84] [159, 194]
color [84.1] [188, 166, 204, 255]
merge [84.2] [84.3]
merge [84.0] [84.1]
merge [85] [86]
cut [87] [176, 194]
color [87.1] [255, 255, 255, 255]
merge [87.2] [87.3]
merge [87.0] [87.1]
merge [88] [89]
cut [90] [224, 194]
color [90.1] [114, 58, 145, 255]
merge [90.2] [90.3]
merge [90.0] [90.1]
merge [91] [92]
cut [93] [254, 194]
color [93.1] [255, 255, 255, 255]
merge [93.2] [93.3]
merge [93.0] [93.1]
merge [94] [95]
cut [96] [287, 194]
color [96.1] [114, 58, 145, 255]
merge [96.2] [96.3]
merge [96.0] [96.1]
merge [97] [98]
cut [99] [318, 194]
color [99.1] [255, 255, 255, 255]
merge [99.2] [99.3]
merge [99.0] [99.1]
merge [100] [101]
cut [102] [78, 178]
color [102.1] [188, 166, 204, 255]
merge [102.2] [102.3]
merge [102.0] [102.1]
merge [103] [104]
cut [105] [123, 178]
color [105.1] [255, 255, 255, 255]
merge [105.2] [105.3]
merge [105.0] [105.1]
merge [106] [107]
cut [108] [159, 178]
color [108.1] [188, 166, 204, 255]
merge [108.2] [108.3]
merge [108.0] [108.1]
merge [109] [110]
cut [111] [176, 178]
color [111.1] [255, 255, 255, 255]
merge [111.2] [111.3]
merge [111.0] [111.1]
merge [112] [113]
cut [114] [209, 178]
color [114.1] [114, 58, 145, 255]
merge [114.2] [114.3]
merge [114.0] [114.1]
merge [115] [116]
cut [117] [254, 178]
color [117.1] [255, 255, 255, 255]
merge [117.2] [117.3]
merge [117.0] [117.1]
merge [118] [119]
cut [120] [287, 178]
color [120.1] [114, 58, 145, 255]
merge [120.2] [120.3]
merge [120.0] [120.1]
merge [121] [122]
cut [123] [318, 178]
color [123.1] [255, 255, 255, 255]
merge [123.2] [123.3]
merge [123.0] [123.1]
merge [124] [125]
cut [126] [63, 162]
color [126.1] [188, 166, 204, 255]
merge [126.2] [126.3]
merge [126.0] [126.1]
merge [127] [128]
cut [129] [108, 162]
color [129.1] [255, 255, 255, 255]
merge [129.2] [129.3]
merge [129.0] [129.1]
merge [130] [131]
cut [132] [159, 162]
color [132.1] [188, 166, 204, 255]
merge [132.2] [132.3]
merge [132.0] [132.1]
merge [133] [134]
cut [135] [194, 162]
color [135.1] [114, 58, 145, 255]
merge [135.2] [135.1]
merge [135.0] [135.3]
merge [136] [137]
cut [138] [239, 162]
color [138.1] [255, 255, 255, 255]
merge [138.2] [138.3]
merge [138.0] [138.1]
merge [139] [140]
cut [141] [287, 162]
color [141.1] [114, 58, 145, 255]
merge [141.2] [141.3]
merge [141.0] [141.1]
merge [142] [143]
cut [144] [318, 162]
color [144.1] [255, 255, 255, 255]
merge [144.2] [144.3]
merge [144.0] [144.1]
merge [145] [146]
cut [147] [44, 147]
color [147.1] [188, 166, 204, 255]
merge [147.2] [147.3]
merge [147.0] [147.1]
merge [148] [149]
cut [150] [93, 147]
color [150.1] [255, 255, 255, 255]
merge [150.2] [150.1]
merge [150.0] [150.3]
merge [151] [152]
cut [153] [159, 147]
color [153.1] [188, 166, 204, 255]
merge [153.2] [153.3]
merge [153.0] [153.1]
merge [154] [155]
cut [156] [176, 147]
color [156.1] [114, 58, 145, 255]
merge [156.2] [156.3]
merge [156.0] [156.1]
merge [157] [158]
cut [159] [224, 147]
color [159.1] [255, 255, 255, 255]
merge [159.2] [159.3]
merge [159.0] [159.1]
merge [160] [161]
cut [162] [287, 147]
color [162.1] [193, 173, 206, 255]
merge [162.2] [162.3]
merge [162.0] [162.1]
merge [163] [164]
cut [165] [303, 147]
color [165.1] [114, 58, 145, 255]
merge [165.2] [165.3]
merge [165.0] [165.1]
merge [166] [167]
cut [168] [347, 147]
color [168.1] [255, 255, 255, 255]
merge [168.2] [168.3]
merge [168.0] [168.1]
merge [169] [170]
cut [171] [78, 131]
color [171.1] [255, 255, 255, 255]
merge [171.2] [171.3]
merge [171.0] [171.1]
merge [172] [173]
cut [174] [176, 131]
color [174.1] [114, 58, 145, 255]
merge [174.2] [174.3]
merge [174.0] [174.1]
merge [175] [176]
cut [177] [209, 131]
color [177.1] [255, 255, 255, 255]
merge [177.2] [177.3]
merge [177.0] [177.1]
merge [178] [179]
cut [180] [303, 131]
color [180.1] [114, 58, 145, 255]
merge [180.2] [180.3]
merge [180.0] [180.1]
merge [181] [182]
cut [183] [347, 131]
color [183.1] [255, 255, 255, 255]
merge [183.2] [183.3]
merge [183.0] [183.1]
merge [184] [185]
cut [186] [44, 113]
color [186.1] [255, 255, 255, 255]
merge [186.2] [186.3]
merge [186.0] [186.1]
merge [187] [188]
#$8896
