color [0] [127, 93, 70, 255]
cut [0] [x] [83]
color [0.1] [101, 95, 104, 255]
merge [0.0] [0.1]
cut [1] [x] [99]
color [1.1] [93, 85, 96, 255]
merge [1.0] [1.1]
cut [2] [x] [123]
color [2.1] [82, 73, 86, 255]
merge [2.0] [2.1]
cut [3] [x] [170]
color [3.1] [101, 95, 104, 255]
merge [3.0] [3.1]
cut [4] [x] [192]
color [4.1] [71, 57, 79, 255]
merge [4.0] [4.1]
cut [5] [x] [208]
color [5.1] [82, 73, 86, 255]
merge [5.0] [5.1]
cut [6] [x] [243]
color [6.1] [93, 85, 96, 255]
merge [6.0] [6.1]
cut [7] [x] [315]
color [7.1] [88, 73, 60, 255]
merge [7.0] [7.1]
cut [8] [y] [16]
color [8.1] [82, 73, 86, 255]
merge [8.0] [8.1]
cut [9] [17, 16]
color [9.2] [89, 74, 60, 255]
merge [9.2] [9.1]
merge [9.0] [9.3]
merge [10] [11]
cut [12] [83, 16]
color [12.2] [101, 95, 104, 255]
merge [12.2] [12.1]
merge [12.0] [12.3]
merge [13] [14]
cut [15] [99, 16]
color [15.2] [93, 85, 96, 255]
merge [15.2] [15.1]
merge [15.0] [15.3]
merge [16] [17]
cut [18] [123, 16]
color [18.2] [82, 73, 86, 255]
merge [18.2] [18.1]
merge [18.0] [18.3]
merge [19] [20]
cut [21] [192, 16]
color [21.2] [101, 95, 104, 255]
merge [21.2] [21.1]
merge [21.0] [21.3]
merge [22] [23]
cut [24] [208, 16]
color [24.2] [93, 85, 96, 255]
merge [24.2] [24.1]
merge [24.0] [24.3]
merge [25] [26]
cut [27] [223, 16]
color [27.2] [82, 73, 86, 255]
merge [27.2] [27.1]
merge [27.0] [27.3]
merge [28] [29]
cut [30] [300, 16]
color [30.2] [88, 73, 60, 255]
merge [30.2] [30.1]
merge [30.0] [30.3]
merge [31] [32]
cut [33] [17, 33]
color [33.2] [149, 117, 87, 255]
merge [33.2] [33.1]
merge [33.0] [33.3]
merge [34] [35]
cut [36] [83, 33]
color [36.2] [101, 95, 104, 255]
merge [36.2] [36.1]
merge [36.0] [36.3]
merge [37] [38]
cut [39] [99, 33]
color [39.2] [93, 85, 96, 255]
merge [39.2] [39.1]
merge [39.0] [39.3]
merge [40] [41]
cut [42] [123, 33]
color [42.2] [82, 73, 86, 255]
merge [42.2] [42.1]
merge [42.0] [42.3]
merge [43] [44]
cut [45] [192, 33]
color [45.2] [101, 95, 104, 255]
merge [45.2] [45.1]
merge [45.0] [45.3]
merge [46] [47]
cut [48] [300, 33]
color [48.2] [88, 73, 60, 255]
merge [48.2] [48.1]
merge [48.0] [48.3]
merge [49] [50]
cut [51] [y] [49]
color [51.1] [149, 117, 86, 255]
merge [51.0] [51.1]
cut [52] [17, 49]
color [52.2] [178, 132, 83, 255]
merge [52.2] [52.1]
merge [52.0] [52.3]
merge [53] [54]
cut [55] [83, 49]
color [55.2] [101, 95, 104, 255]
merge [55.2] [55.1]
merge [55.0] [55.3]
merge [56] [57]
cut [58] [99, 49]
color [58.2] [93, 85, 96, 255]
merge [58.2] [58.1]
merge [58.0] [58.3]
merge [59] [60]
cut [61] [123, 49]
color [61.2] [82, 73, 86, 255]
merge [61.2] [61.1]
merge [61.0] [61.3]
merge [62] [63]
cut [64] [223, 49]
color [64.2] [101, 95, 104, 255]
merge [64.2] [64.1]
merge [64.0] [64.3]
merge [65] [66]
cut [67] [300, 49]
color [67.2] [149, 117, 87, 255]
merge [67.2] [67.1]
merge [67.0] [67.3]
merge [68] [69]
cut [70] [333, 49]
color [70.2] [161, 123, 84, 255]
merge [70.2] [70.1]
merge [70.0] [70.3]
merge [71] [72]
cut [73] [377, 49]
color [73.2] [88, 73, 60, 255]
merge [73.2] [73.3]
merge [73.0] [73.1]
merge [74] [75]
cut [76] [y] [65]
color [76.1] [96, 69, 51, 255]
merge [76.0] [76.1]
cut [77] [83, 65]
color [77.2] [101, 95, 104, 255]
merge [77.2] [77.1]
merge [77.0] [77.3]
merge [78] [79]
cut [80] [99, 65]
color [80.2] [93, 85, 96, 255]
merge [80.2] [80.1]
merge [80.0] [80.3]
merge [81] [82]
cut [83] [123, 65]
color [83.2] [82, 73, 86, 255]
merge [83.2] [83.1]
merge [83.0] [83.3]
merge [84] [85]
cut [86] [139, 65]
color [86.2] [151, 85, 86, 255]
merge [86.2] [86.1]
merge [86.0] [86.3]
merge [87] [88]
cut [89] [154, 65]
color [89.2] [173, 106, 106, 255]
merge [89.2] [89.1]
merge [89.0] [89.3]
merge [90] [91]
cut [92] [223, 65]
color [92.2] [82, 73, 86, 255]
merge [92.2] [92.1]
merge [92.0] [92.3]
merge [93] [94]
cut [95] [243, 65]
color [95.2] [101, 95, 104, 255]
merge [95.2] [95.1]
merge [95.0] [95.3]
merge [96] [97]
cut [98] [285, 65]
color [98.2] [178, 132, 83, 255]
merge [98.2] [98.1]
merge [98.0] [98.3]
merge [99] [100]
cut [101] [39, 84]
color [101.2] [173, 106, 106, 255]
merge [101.2] [101.1]
merge [101.0] [101.3]
merge [102] [103]
cut [104] [99, 84]
color [104.2] [93, 85, 96, 255]
merge [104.2] [104.1]
merge [104.0] [104.3]
merge [105] [106]
cut [107] [139, 84]
color [107.2] [255, 219, 172, 255]
merge [107.2] [107.1]
merge [107.0] [107.3]
merge [108] [109]
cut [110] [223, 84]
color [110.2] [101, 95, 104, 255]
merge [110.2] [110.1]
merge [110.0] [110.3]
merge [111] [112]
cut [113] [260, 84]
color [113.2] [93, 85, 96, 255]
merge [113.2] [113.1]
merge [113.0] [113.3]
merge [114] [115]
cut [116] [285, 84]
color [116.2] [173, 106, 106, 255]
merge [116.2] [116.1]
merge [116.0] [116.3]
merge [117] [118]
cut [119] [377, 84]
color [119.2] [178, 132, 83, 255]
merge [119.2] [119.3]
merge [119.0] [119.1]
merge [120] [121]
cut [122] [17, 101]
color [122.2] [173, 106, 106, 255]
merge [122.2] [122.1]
merge [122.0] [122.3]
merge [123] [124]
cut [125] [56, 101]
color [125.2] [96, 69, 51, 255]
merge [125.2] [125.1]
merge [125.0] [125.3]
merge [126] [127]
cut [128] [99, 101]
color [128.2] [93, 85, 96, 255]
merge [128.2] [128.1]
merge [128.0] [128.3]
merge [129] [130]
cut [131] [139, 101]
color [131.2] [255, 219, 172, 255]
merge [131.2] [131.1]
merge [131.0] [131.3]
merge [132] [133]
cut [134] [223, 101]
color [134.2] [101, 95, 104, 255]
merge [134.2] [134.1]
merge [134.0] [134.3]
merge [135] [136]
cut [137] [285, 101]
color [137.2] [173, 106, 106, 255]
merge [137.2] [137.1]
merge [137.0] [137.3]
merge [138] [139]
cut [140] [333, 101]
color [140.2] [178, 132, 83, 255]
merge [140.2] [140.3]
merge [140.0] [140.1]
merge [141] [142]
cut [143] [17, 130]
color [143.2] [96, 69, 51, 255]
merge [143.2] [143.1]
merge [143.0] [143.3]
merge [144] [145]
cut [146] [56, 130]
color [146.2] [172, 105, 105, 255]
merge [146.2] [146.1]
merge [146.0] [146.3]
merge [147] [148]
cut [149] [83, 130]
color [149.2] [101, 95, 104, 255]
merge [149.2] [149.1]
merge [149.0] [149.3]
merge [150] [151]
cut [152] [123, 130]
color [152.2] [93, 85, 96, 255]
merge [152.2] [152.1]
merge [152.0] [152.3]
merge [153] [154]
cut [155] [154, 130]
color [155.2] [255, 219, 172, 255]
merge [155.2] [155.1]
merge [155.0] [155.3]
merge [156] [157]
cut [158] [223, 130]
color [158.2] [101, 95, 104, 255]
merge [158.2] [158.1]
merge [158.0] [158.3]
merge [159] [160]
cut [161] [285, 130]
color [161.2] [173, 106, 106, 255]
merge [161.2] [161.3]
merge [161.0] [161.1]
merge [162] [163]
cut [164] [315, 130]
color [164.2] [178, 132, 83, 255]
merge [164.2] [164.3]
merge [164.0] [164.1]
merge [165] [166]
cut [167] [99, 145]
color [167.2] [93, 85, 96, 255]
merge [167.2] [167.1]
merge [167.0] [167.3]
merge [168] [169]
cut [170] [139, 145]
color [170.2] [82, 73, 86, 255]
merge [170.2] [170.1]
merge [170.0] [170.3]
merge [171] [172]
cut [173] [170, 145]
color [173.2] [255, 219, 172, 255]
merge [173.2] [173.1]
merge [173.0] [173.3]
merge [174] [175]
cut [176] [208, 145]
color [176.2] [82, 73, 86, 255]
merge [176.2] [176.1]
merge [176.0] [176.3]
merge [177] [178]
cut [179] [223, 145]
color [179.2] [101, 95, 104, 255]
merge [179.2] [179.1]
merge [179.0] [179.3]
merge [180] [181]
cut [182] [285, 145]
color [182.2] [173, 106, 106, 255]
merge [182.2] [182.3]
merge [182.0] [182.1]
merge [183] [184]
cut [185] [315, 145]
color [185.2] [178, 132, 83, 255]
merge [185.2] [185.3]
merge [185.0] [185.1]
merge [186] [187]
cut [188] [333, 145]
color [188.2] [93, 85, 96, 255]
merge [188.2] [188.3]
merge [188.0] [188.1]
merge [189] [190]
cut [191] [39, 169]
color [191.2] [172, 105, 105, 255]
merge [191.2] [191.1]
merge [191.0] [191.3]
merge [192] [193]
cut [194] [56, 169]
color [194.2] [131, 85, 76, 255]
merge [194.2] [194.1]
merge [194.0] [194.3]
merge [195] [196]
cut [197] [83, 169]
color [197.2] [101, 95, 104, 255]
merge [197.2] [197.1]
merge [197.0] [197.3]
merge [198] [199]
cut [200] [99, 169]
color [200.2] [93, 85, 96, 255]
merge [200.2] [200.1]
merge [200.0] [200.3]
merge [201] [202]
cut [203] [139, 169]
color [203.2] [205, 177, 147, 255]
merge [203.2] [203.1]
merge [203.0] [203.3]
merge [204] [205]
cut [206] [154, 169]
color [206.2] [255, 219, 172, 255]
merge [206.2] [206.1]
merge [206.0] [206.3]
merge [207] [208]
cut [209] [223, 169]
color [209.2] [101, 95, 104, 255]
merge [209.2] [209.3]
merge [209.0] [209.1]
merge [210] [211]
cut [212] [285, 169]
color [212.2] [173, 106, 106, 255]
merge [212.2] [212.3]
merge [212.0] [212.1]
merge [213] [214]
cut [215] [300, 169]
color [215.2] [178, 132, 83, 255]
merge [215.2] [215.3]
merge [215.0] [215.1]
merge [216] [217]
cut [218] [377, 169]
color [218.2] [93, 85, 96, 255]
merge [218.2] [218.3]
merge [218.0] [218.1]
merge [219] [220]
cut [221] [y] [189]
color [221.1] [84, 57, 39, 255]
merge [221.0] [221.1]
cut [222] [39, 189]
color [222.2] [96, 69, 51, 255]
merge [222.2] [222.3]
merge [222.0] [222.1]
merge [223] [224]
cut [225] [83, 189]
color [225.2] [101, 95, 104, 255]
merge [225.2] [225.1]
merge [225.0] [225.3]
merge [226] [227]
cut [228] [99, 189]
color [228.2] [93, 85, 96, 255]
merge [228.2] [228.3]
merge [228.0] [228.1]
merge [229] [230]
cut [231] [123, 189]
color [231.2] [153, 133, 122, 255]
merge [231.2] [231.3]
merge [231.0] [231.1]
merge [232] [233]
cut [234] [139, 189]
color [234.2] [255, 219, 172, 255]
merge [234.2] [234.3]
merge [234.0] [234.1]
merge [235] [236]
cut [237] [223, 189]
color [237.2] [101, 95, 104, 255]
merge [237.2] [237.3]
merge [237.0] [237.1]
merge [238] [239]
cut [240] [285, 189]
color [240.2] [173, 106, 106, 255]
merge [240.2] [240.3]
merge [240.0] [240.1]
merge [241] [242]
cut [243] [300, 189]
color [243.2] [178, 132, 83, 255]
merge [243.2] [243.3]
merge [243.0] [243.1]
merge [244] [245]
cut [246] [315, 189]
color [246.2] [124, 102, 91, 255]
merge [246.2] [246.3]
merge [246.0] [246.1]
merge [247] [248]
cut [249] [333, 189]
color [249.2] [93, 85, 96, 255]
merge [249.2] [249.3]
merge [249.0] [249.1]
merge [250] [251]
cut [252] [39, 206]
color [252.2] [84, 57, 39, 255]
merge [252.2] [252.3]
merge [252.0] [252.1]
merge [253] [254]
cut [255] [83, 206]
color [255.2] [101, 95, 104, 255]
merge [255.2] [255.3]
merge [255.0] [255.1]
merge [256] [257]
cut [258] [99, 206]
color [258.2] [93, 85, 96, 255]
merge [258.2] [258.3]
merge [258.0] [258.1]
merge [259] [260]
cut [261] [123, 206]
color [261.2] [255, 219, 172, 255]
merge [261.2] [261.3]
merge [261.0] [261.1]
merge [262] [263]
cut [264] [223, 206]
color [264.2] [101, 95, 104, 255]
merge [264.2] [264.3]
merge [264.0] [264.1]
merge [265] [266]
cut [267] [285, 206]
color [267.2] [178, 132, 83, 255]
merge [267.2] [267.3]
merge [267.0] [267.1]
merge [268] [269]
cut [270] [333, 206]
color [270.2] [93, 85, 96, 255]
merge [270.2] [270.3]
merge [270.0] [270.1]
merge [271] [272]
cut [273] [y] [226]
color [273.1] [93, 85, 96, 255]
merge [273.0] [273.1]
cut [274] [39, 226]
color [274.2] [84, 57, 39, 255]
merge [274.2] [274.3]
merge [274.0] [274.1]
merge [275] [276]
cut [277] [83, 226]
color [277.2] [101, 95, 104, 255]
merge [277.2] [277.3]
merge [277.0] [277.1]
merge [278] [279]
cut [280] [99, 226]
color [280.2] [93, 85, 96, 255]
merge [280.2] [280.3]
merge [280.0] [280.1]
merge [281] [282]
cut [283] [123, 226]
color [283.2] [255, 219, 172, 255]
merge [283.2] [283.3]
merge [283.0] [283.1]
merge [284] [285]
cut [286] [223, 226]
color [286.2] [101, 95, 104, 255]
merge [286.2] [286.3]
merge [286.0] [286.1]
merge [287] [288]
cut [289] [285, 226]
color [289.2] [93, 85, 96, 255]
merge [289.2] [289.3]
merge [289.0] [289.1]
merge [290] [291]
cut [292] [39, 241]
color [292.2] [93, 85, 96, 255]
merge [292.2] [292.3]
merge [292.0] [292.1]
merge [293] [294]
cut [295] [83, 241]
color [295.2] [101, 95, 104, 255]
merge [295.2] [295.3]
merge [295.0] [295.1]
merge [296] [297]
cut [298] [99, 241]
color [298.2] [93, 85, 96, 255]
merge [298.2] [298.3]
merge [298.0] [298.1]
merge [299] [300]
cut [301] [123, 241]
color [301.2] [255, 219, 172, 255]
merge [301.2] [301.3]
merge [301.0] [301.1]
merge [302] [303]
cut [304] [139, 241]
color [304.2] [84, 57, 39, 255]
merge [304.2] [304.3]
merge [304.0] [304.1]
merge [305] [306]
cut [307] [154, 241]
color [307.2] [255, 219, 172, 255]
merge [307.2] [307.3]
merge [307.0] [307.1]
merge [308] [309]
cut [310] [192, 241]
color [310.2] [86, 59, 40, 255]
merge [310.2] [310.1]
merge [310.0] [310.3]
merge [311] [312]
cut [313] [208, 241]
color [313.2] [255, 219, 172, 255]
merge [313.2] [313.1]
merge [313.0] [313.3]
merge [314] [315]
cut [316] [223, 241]
color [316.2] [101, 95, 104, 255]
merge [316.2] [316.3]
merge [316.0] [316.1]
merge [317] [318]
cut [319] [285, 241]
color [319.2] [93, 85, 96, 255]
merge [319.2] [319.3]
merge [319.0] [319.1]
merge [320] [321]
cut [322] [56, 256]
color [322.2] [149, 117, 87, 255]
merge [322.2] [322.3]
merge [322.0] [322.1]
merge [323] [324]
cut [325] [83, 256]
color [325.2] [101, 95, 104, 255]
merge [325.2] [325.1]
merge [325.0] [325.3]
merge [326] [327]
cut [328] [99, 256]
color [328.2] [93, 85, 96, 255]
merge [328.2] [328.1]
merge [328.0] [328.3]
merge [329] [330]
cut [331] [123, 256]
color [331.2] [255, 219, 172, 255]
merge [331.2] [331.1]
merge [331.0] [331.3]
merge [332] [333]
cut [334] [223, 256]
color [334.2] [101, 95, 104, 255]
merge [334.2] [334.3]
merge [334.0] [334.1]
merge [335] [336]
cut [337] [285, 256]
color [337.2] [178, 132, 83, 255]
merge [337.2] [337.3]
merge [337.0] [337.1]
merge [338] [339]
cut [340] [y] [271]
color [340.1] [101, 95, 104, 255]
merge [340.0] [340.1]
cut [341] [17, 271]
color [341.2] [93, 85, 96, 255]
merge [341.2] [341.3]
merge [341.0] [341.1]
merge [342] [343]
cut [344] [56, 271]
color [344.2] [149, 117, 87, 255]
merge [344.2] [344.3]
merge [344.0] [344.1]
merge [345] [346]
cut [347] [99, 271]
color [347.2] [93, 85, 96, 255]
merge [347.2] [347.3]
merge [347.0] [347.1]
merge [348] [349]
cut [350] [123, 271]
color [350.2] [255, 219, 172, 255]
merge [350.2] [350.3]
merge [350.0] [350.1]
merge [351] [352]
cut [353] [223, 271]
color [353.2] [101, 95, 104, 255]
merge [353.2] [353.3]
merge [353.0] [353.1]
merge [354] [355]
cut [356] [285, 271]
color [356.2] [149, 117, 87, 255]
merge [356.2] [356.3]
merge [356.0] [356.1]
merge [357] [358]
cut [359] [333, 271]
color [359.2] [201, 187, 142, 255]
merge [359.2] [359.3]
merge [359.0] [359.1]
merge [360] [361]
cut [362] [y] [292]
color [362.1] [149, 117, 87, 255]
merge [362.0] [362.1]
cut [363] [83, 292]
color [363.2] [201, 187, 142, 255]
merge [363.2] [363.3]
merge [363.0] [363.1]
merge [364] [365]
cut [366] [99, 292]
color [366.2] [101, 95, 104, 255]
merge [366.2] [366.3]
merge [366.0] [366.1]
merge [367] [368]
cut [369] [123, 292]
color [369.2] [120, 107, 108, 255]
merge [369.2] [369.3]
merge [369.0] [369.1]
merge [370] [371]
cut [372] [139, 292]
color [372.2] [255, 219, 172, 255]
merge [372.2] [372.3]
merge [372.0] [372.1]
merge [373] [374]
cut [375] [223, 292]
color [375.2] [101, 95, 104, 255]
merge [375.2] [375.1]
merge [375.0] [375.3]
merge [376] [377]
cut [378] [260, 292]
color [378.2] [149, 117, 87, 255]
merge [378.2] [378.3]
merge [378.0] [378.1]
merge [379] [380]
cut [381] [315, 292]
color [381.2] [201, 187, 142, 255]
merge [381.2] [381.3]
merge [381.0] [381.1]
merge [382] [383]
cut [384] [17, 312]
color [384.2] [201, 187, 142, 255]
merge [384.2] [384.3]
merge [384.0] [384.1]
merge [385] [386]
cut [387] [39, 312]
color [387.2] [149, 117, 87, 255]
merge [387.2] [387.3]
merge [387.0] [387.1]
merge [388] [389]
cut [390] [56, 312]
color [390.2] [201, 187, 142, 255]
merge [390.2] [390.3]
merge [390.0] [390.1]
merge [391] [392]
cut [393] [99, 312]
color [393.2] [101, 95, 104, 255]
merge [393.2] [393.3]
merge [393.0] [393.1]
merge [394] [395]
cut [396] [139, 312]
color [396.2] [255, 219, 172, 255]
merge [396.2] [396.3]
merge [396.0] [396.1]
merge [397] [398]
cut [399] [208, 312]
color [399.2] [101, 95, 104, 255]
merge [399.2] [399.1]
merge [399.0] [399.3]
merge [400] [401]
cut [402] [260, 312]
color [402.2] [201, 187, 142, 255]
merge [402.2] [402.1]
merge [402.0] [402.3]
merge [403] [404]
cut [405] [285, 312]
color [405.2] [149, 117, 87, 255]
merge [405.2] [405.1]
merge [405.0] [405.3]
merge [406] [407]
cut [408] [300, 312]
color [408.2] [201, 187, 142, 255]
merge [408.2] [408.3]
merge [408.0] [408.1]
merge [409] [410]
cut [411] [y] [328]
color [411.1] [201, 187, 142, 255]
merge [411.0] [411.1]
cut [412] [123, 328]
color [412.2] [101, 95, 104, 255]
merge [412.2] [412.1]
merge [412.0] [412.3]
merge [413] [414]
cut [415] [243, 328]
color [415.2] [201, 187, 142, 255]
merge [415.2] [415.1]
merge [415.0] [415.3]
merge [416] [417]
cut [418] [123, 364]
color [418.2] [201, 187, 142, 255]
merge [418.2] [418.1]
merge [418.0] [418.3]
merge [419] [420]
#$14807
