color [0] [255, 255, 255, 255]
cut [0] [x] [87]
color [0.0] [120, 160, 207, 255]
merge [0.0] [0.1]
cut [1] [x] [62]
color [1.0] [255, 255, 255, 255]
merge [1.0] [1.1]
cut [2] [292, 20]
color [2.3] [206, 225, 244, 255]
merge [2.2] [2.1]
merge [2.0] [2.3]
merge [3] [4]
cut [5] [109, 20]
color [5.3] [255, 255, 255, 255]
merge [5.2] [5.1]
merge [5.0] [5.3]
merge [6] [7]
cut [8] [262, 42]
color [8.3] [136, 137, 185, 255]
merge [8.2] [8.1]
merge [8.0] [8.3]
merge [9] [10]
cut [11] [159, 42]
color [11.3] [206, 225, 244, 255]
merge [11.2] [11.1]
merge [11.0] [11.3]
merge [12] [13]
cut [14] [87, 42]
color [14.3] [255, 255, 255, 255]
merge [14.2] [14.1]
merge [14.0] [14.3]
merge [15] [16]
cut [17] [369, 57]
color [17.3] [251, 205, 89, 255]
merge [17.2] [17.1]
merge [17.0] [17.3]
merge [18] [19]
cut [20] [349, 57]
color [20.3] [206, 225, 244, 255]
merge [20.2] [20.1]
merge [20.0] [20.3]
merge [21] [22]
cut [23] [292, 57]
color [23.3] [136, 137, 185, 255]
merge [23.2] [23.1]
merge [23.0] [23.3]
merge [24] [25]
cut [26] [109, 57]
color [26.3] [206, 225, 244, 255]
merge [26.2] [26.1]
merge [26.0] [26.3]
merge [27] [28]
cut [29] [62, 57]
color [29.3] [255, 255, 255, 255]
merge [29.2] [29.3]
merge [29.0] [29.1]
merge [30] [31]
cut [32] [369, 78]
color [32.3] [255, 255, 255, 255]
merge [32.2] [32.1]
merge [32.0] [32.3]
merge [33] [34]
cut [35] [349, 78]
color [35.3] [206, 225, 244, 255]
merge [35.2] [35.1]
merge [35.0] [35.3]
merge [36] [37]
cut [38] [292, 78]
color [38.3] [136, 137, 185, 255]
merge [38.2] [38.1]
merge [38.0] [38.3]
merge [39] [40]
cut [41] [215, 78]
color [41.3] [246, 204, 164, 255]
merge [41.2] [41.1]
merge [41.0] [41.3]
merge [42] [43]
cut [44] [191, 78]
color [44.3] [136, 137, 185, 255]
merge [44.2] [44.1]
merge [44.0] [44.3]
merge [45] [46]
cut [47] [141, 78]
color [47.3] [251, 205, 89, 255]
merge [47.2] [47.1]
merge [47.0] [47.3]
merge [48] [49]
cut [50] [126, 78]
color [50.3] [136, 137, 185, 255]
merge [50.2] [50.1]
merge [50.0] [50.3]
merge [51] [52]
cut [53] [87, 78]
color [53.3] [206, 225, 244, 255]
merge [53.2] [53.1]
merge [53.0] [53.3]
merge [54] [55]
cut [56] [40, 78]
color [56.3] [255, 255, 255, 255]
merge [56.2] [56.3]
merge [56.0] [56.1]
merge [57] [58]
cut [59] [369, 96]
color [59.3] [206, 225, 244, 255]
merge [59.2] [59.1]
merge [59.0] [59.3]
merge [60] [61]
cut [62] [292, 96]
color [62.3] [139, 137, 179, 255]
merge [62.2] [62.1]
merge [62.0] [62.3]
merge [63] [64]
cut [65] [277, 96]
color [65.3] [248, 202, 88, 255]
merge [65.2] [65.1]
merge [65.0] [65.3]
merge [66] [67]
cut [68] [262, 96]
color [68.3] [136, 137, 185, 255]
merge [68.2] [68.1]
merge [68.0] [68.3]
merge [69] [70]
cut [71] [231, 96]
color [71.3] [140, 141, 164, 255]
merge [71.2] [71.1]
merge [71.0] [71.3]
merge [72] [73]
cut [74] [215, 96]
color [74.3] [246, 204, 164, 255]
merge [74.2] [74.1]
merge [74.0] [74.3]
merge [75] [76]
cut [77] [191, 96]
color [77.3] [136, 137, 185, 255]
merge [77.2] [77.1]
merge [77.0] [77.3]
merge [78] [79]
cut [80] [159, 96]
color [80.3] [251, 205, 89, 255]
merge [80.2] [80.1]
merge [80.0] [80.3]
merge [81] [82]
cut [83] [126, 96]
color [83.3] [136, 137, 185, 255]
merge [83.2] [83.1]
merge [83.0] [83.3]
merge [84] [85]
cut [86] [87, 96]
color [86.3] [206, 225, 244, 255]
merge [86.2] [86.3]
merge [86.0] [86.1]
merge [87] [88]
cut [89] [40, 96]
color [89.3] [255, 255, 255, 255]
merge [89.2] [89.3]
merge [89.0] [89.1]
merge [90] [91]
cut [92] [292, 113]
color [92.3] [206, 225, 244, 255]
merge [92.2] [92.1]
merge [92.0] [92.3]
merge [93] [94]
cut [95] [277, 113]
color [95.3] [251, 205, 89, 255]
merge [95.2] [95.1]
merge [95.0] [95.3]
merge [96] [97]
cut [98] [262, 113]
color [98.3] [136, 137, 89, 255]
merge [98.2] [98.1]
merge [98.0] [98.3]
merge [99] [100]
cut [101] [246, 113]
color [101.3] [136, 137, 185, 255]
merge [101.2] [101.1]
merge [101.0] [101.3]
merge [102] [103]
cut [104] [231, 113]
color [104.3] [246, 204, 164, 255]
merge [104.2] [104.1]
merge [104.0] [104.3]
merge [105] [106]
cut [107] [191, 113]
color [107.3] [136, 137, 185, 255]
merge [107.2] [107.1]
merge [107.0] [107.3]
merge [108] [109]
cut [110] [159, 113]
color [110.3] [251, 205, 89, 255]
merge [110.2] [110.1]
merge [110.0] [110.3]
merge [111] [112]
cut [113] [126, 113]
color [113.3] [136, 137, 185, 255]
merge [113.2] [113.1]
merge [113.0] [113.3]
merge [114] [115]
cut [116] [87, 113]
color [116.3] [206, 225, 244, 255]
merge [116.2] [116.3]
merge [116.0] [116.1]
merge [117] [118]
cut [119] [40, 113]
color [119.3] [251, 205, 89, 255]
merge [119.2] [119.3]
merge [119.0] [119.1]
merge [120] [121]
cut [122] [385, 131]
color [122.3] [206, 225, 244, 255]
merge [122.2] [122.1]
merge [122.0] [122.3]
merge [123] [124]
cut [125] [277, 131]
color [125.3] [216, 204, 89, 255]
merge [125.2] [125.1]
merge [125.0] [125.3]
merge [126] [127]
cut [128] [262, 131]
color [128.3] [251, 205, 89, 255]
merge [128.2] [128.1]
merge [128.0] [128.3]
merge [129] [130]
cut [131] [246, 131]
color [131.3] [136, 137, 185, 255]
merge [131.2] [131.1]
merge [131.0] [131.3]
merge [132] [133]
cut [134] [231, 131]
color [134.3] [232, 192, 88, 255]
merge [134.2] [134.1]
merge [134.0] [134.3]
merge [135] [136]
cut [137] [215, 131]
color [137.3] [251, 205, 89, 255]
merge [137.2] [137.1]
merge [137.0] [137.3]
merge [138] [139]
cut [140] [191, 131]
color [140.3] [133, 121, 99, 255]
merge [140.2] [140.1]
merge [140.0] [140.3]
merge [141] [142]
cut [143] [176, 131]
color [143.3] [136, 137, 185, 255]
merge [143.2] [143.1]
merge [143.0] [143.3]
merge [144] [145]
cut [146] [159, 131]
color [146.3] [251, 205, 89, 255]
merge [146.2] [146.1]
merge [146.0] [146.3]
merge [147] [148]
cut [149] [126, 131]
color [149.3] [136, 137, 185, 255]
merge [149.2] [149.3]
merge [149.0] [149.1]
merge [150] [151]
cut [152] [109, 131]
color [152.3] [206, 225, 244, 255]
merge [152.2] [152.3]
merge [152.0] [152.1]
merge [153] [154]
cut [155] [40, 131]
color [155.3] [251, 205, 89, 255]
merge [155.2] [155.3]
merge [155.0] [155.1]
merge [156] [157]
cut [158] [246, 153]
color [158.3] [116, 104, 99, 255]
merge [158.2] [158.1]
merge [158.0] [158.3]
merge [159] [160]
cut [161] [231, 153]
color [161.3] [251, 205, 89, 255]
merge [161.2] [161.1]
merge [161.0] [161.3]
merge [162] [163]
cut [164] [191, 153]
color [164.3] [94, 77, 55, 255]
merge [164.2] [164.1]
merge [164.0] [164.3]
merge [165] [166]
cut [167] [176, 153]
color [167.3] [136, 137, 185, 255]
merge [167.2] [167.1]
merge [167.0] [167.3]
merge [168] [169]
cut [170] [159, 153]
color [170.3] [251, 205, 89, 255]
merge [170.2] [170.3]
merge [170.0] [170.1]
merge [171] [172]
cut [173] [126, 153]
color [173.3] [136, 137, 185, 255]
merge [173.2] [173.3]
merge [173.0] [173.1]
merge [174] [175]
cut [176] [109, 153]
color [176.3] [206, 225, 244, 255]
merge [176.2] [176.3]
merge [176.0] [176.1]
merge [177] [178]
cut [179] [20, 153]
color [179.3] [255, 255, 255, 255]
merge [179.2] [179.3]
merge [179.0] [179.1]
merge [180] [181]
cut [182] [277, 170]
color [182.3] [251, 205, 89, 255]
merge [182.2] [182.3]
merge [182.0] [182.1]
merge [183] [184]
cut [185] [262, 170]
color [185.3] [135, 136, 88, 255]
merge [185.2] [185.1]
merge [185.0] [185.3]
merge [186] [187]
cut [188] [231, 170]
color [188.3] [251, 205, 89, 255]
merge [188.2] [188.1]
merge [188.0] [188.3]
merge [189] [190]
cut [191] [215, 170]
color [191.3] [159, 128, 102, 255]
merge [191.2] [191.1]
merge [191.0] [191.3]
merge [192] [193]
cut [194] [191, 170]
color [194.3] [251, 205, 89, 255]
merge [194.2] [194.1]
merge [194.0] [194.3]
merge [195] [196]
cut [197] [176, 170]
color [197.3] [126, 119, 88, 255]
merge [197.2] [197.3]
merge [197.0] [197.1]
merge [198] [199]
cut [200] [159, 170]
color [200.3] [251, 205, 89, 255]
merge [200.2] [200.3]
merge [200.0] [200.1]
merge [201] [202]
cut [203] [126, 170]
color [203.3] [206, 225, 244, 255]
merge [203.2] [203.3]
merge [203.0] [203.1]
merge [204] [205]
cut [206] [20, 170]
color [206.3] [255, 255, 255, 255]
merge [206.2] [206.3]
merge [206.0] [206.1]
merge [207] [208]
cut [209] [292, 202]
color [209.3] [205, 204, 89, 255]
merge [209.2] [209.3]
merge [209.0] [209.1]
merge [210] [211]
cut [212] [277, 202]
color [212.3] [251, 205, 89, 255]
merge [212.2] [212.3]
merge [212.0] [212.1]
merge [213] [214]
cut [215] [262, 202]
color [215.3] [72, 44, 42, 255]
merge [215.2] [215.3]
merge [215.0] [215.1]
merge [216] [217]
cut [218] [246, 202]
color [218.3] [251, 205, 89, 255]
merge [218.2] [218.3]
merge [218.0] [218.1]
merge [219] [220]
cut [221] [215, 202]
color [221.3] [159, 128, 91, 255]
merge [221.2] [221.3]
merge [221.0] [221.1]
merge [222] [223]
cut [224] [191, 202]
color [224.3] [251, 205, 89, 255]
merge [224.2] [224.3]
merge [224.0] [224.1]
merge [225] [226]
cut [227] [159, 202]
color [227.3] [74, 47, 45, 255]
merge [227.2] [227.3]
merge [227.0] [227.1]
merge [228] [229]
cut [230] [141, 202]
color [230.3] [251, 205, 89, 255]
merge [230.2] [230.3]
merge [230.0] [230.1]
merge [231] [232]
cut [233] [126, 202]
color [233.3] [205, 205, 89, 255]
merge [233.2] [233.3]
merge [233.0] [233.1]
merge [234] [235]
cut [236] [109, 202]
color [236.3] [206, 225, 244, 255]
merge [236.2] [236.3]
merge [236.0] [236.1]
merge [237] [238]
cut [239] [20, 202]
color [239.3] [255, 255, 255, 255]
merge [239.2] [239.3]
merge [239.0] [239.1]
merge [240] [241]
cut [242] [292, 219]
color [242.3] [251, 205, 89, 255]
merge [242.2] [242.3]
merge [242.0] [242.1]
merge [243] [244]
cut [245] [277, 219]
color [245.3] [74, 47, 46, 255]
merge [245.2] [245.3]
merge [245.0] [245.1]
merge [246] [247]
cut [248] [262, 219]
color [248.3] [251, 205, 89, 255]
merge [248.2] [248.3]
merge [248.0] [248.1]
merge [249] [250]
cut [251] [159, 219]
color [251.3] [122, 89, 55, 255]
merge [251.2] [251.3]
merge [251.0] [251.1]
merge [252] [253]
cut [254] [141, 219]
color [254.3] [251, 205, 89, 255]
merge [254.2] [254.3]
merge [254.0] [254.1]
merge [255] [256]
cut [257] [109, 219]
color [257.3] [206, 225, 244, 255]
merge [257.2] [257.3]
merge [257.0] [257.1]
merge [258] [259]
cut [260] [20, 219]
color [260.3] [255, 255, 255, 255]
merge [260.2] [260.3]
merge [260.0] [260.1]
merge [261] [262]
cut [263] [277, 235]
color [263.3] [71, 43, 41, 255]
merge [263.2] [263.3]
merge [263.0] [263.1]
merge [264] [265]
cut [266] [262, 235]
color [266.3] [251, 205, 89, 255]
merge [266.2] [266.3]
merge [266.0] [266.1]
merge [267] [268]
cut [269] [141, 235]
color [269.3] [71, 43, 41, 255]
merge [269.2] [269.3]
merge [269.0] [269.1]
merge [270] [271]
cut [272] [126, 235]
color [272.3] [251, 205, 89, 255]
merge [272.2] [272.3]
merge [272.0] [272.1]
merge [273] [274]
cut [275] [109, 235]
color [275.3] [206, 225, 244, 255]
merge [275.2] [275.3]
merge [275.0] [275.1]
merge [276] [277]
cut [278] [20, 235]
color [278.3] [255, 255, 255, 255]
merge [278.2] [278.3]
merge [278.0] [278.1]
merge [279] [280]
cut [281] [246, 255]
color [281.3] [255, 255, 255, 255]
merge [281.2] [281.3]
merge [281.0] [281.1]
merge [282] [283]
cut [284] [231, 255]
color [284.3] [248, 203, 89, 255]
merge [284.2] [284.3]
merge [284.0] [284.1]
merge [285] [286]
cut [287] [215, 255]
color [287.3] [251, 205, 89, 255]
merge [287.2] [287.3]
merge [287.0] [287.1]
merge [288] [289]
cut [290] [176, 255]
color [290.3] [253, 252, 252, 255]
merge [290.2] [290.3]
merge [290.0] [290.1]
merge [291] [292]
cut [293] [159, 255]
color [293.3] [251, 205, 89, 255]
merge [293.2] [293.3]
merge [293.0] [293.1]
merge [294] [295]
cut [296] [141, 255]
color [296.3] [71, 43, 41, 255]
merge [296.2] [296.3]
merge [296.0] [296.1]
merge [297] [298]
cut [299] [126, 255]
color [299.3] [251, 205, 89, 255]
merge [299.2] [299.3]
merge [299.0] [299.1]
merge [300] [301]
cut [302] [109, 255]
color [302.3] [206, 225, 244, 255]
merge [302.2] [302.3]
merge [302.0] [302.1]
merge [303] [304]
cut [305] [20, 255]
color [305.3] [255, 255, 255, 255]
merge [305.2] [305.3]
merge [305.0] [305.1]
merge [306] [307]
cut [308] [385, 271]
color [308.3] [255, 255, 255, 255]
merge [308.2] [308.3]
merge [308.0] [308.1]
merge [309] [310]
cut [311] [369, 271]
color [311.3] [206, 225, 244, 255]
merge [311.2] [311.3]
merge [311.0] [311.1]
merge [312] [313]
cut [314] [292, 271]
color [314.3] [251, 205, 89, 255]
merge [314.2] [314.3]
merge [314.0] [314.1]
merge [315] [316]
cut [317] [277, 271]
color [317.3] [71, 43, 41, 255]
merge [317.2] [317.3]
merge [317.0] [317.1]
merge [318] [319]
cut [320] [262, 271]
color [320.3] [251, 205, 89, 255]
merge [320.2] [320.3]
merge [320.0] [320.1]
merge [321] [322]
cut [323] [141, 271]
color [323.3] [71, 43, 41, 255]
merge [323.2] [323.3]
merge [323.0] [323.1]
merge [324] [325]
cut [326] [126, 271]
color [326.3] [251, 205, 89, 255]
merge [326.2] [326.3]
merge [326.0] [326.1]
merge [327] [328]
cut [329] [109, 271]
color [329.3] [206, 225, 244, 255]
merge [329.2] [329.3]
merge [329.0] [329.1]
merge [330] [331]
cut [332] [40, 271]
color [332.3] [255, 255, 255, 255]
merge [332.2] [332.3]
merge [332.0] [332.1]
merge [333] [334]
cut [335] [369, 300]
color [335.3] [255, 255, 255, 255]
merge [335.2] [335.3]
merge [335.0] [335.1]
merge [336] [337]
cut [338] [349, 300]
color [338.3] [206, 225, 244, 255]
merge [338.2] [338.3]
merge [338.0] [338.1]
merge [339] [340]
cut [341] [277, 300]
color [341.3] [194, 196, 182, 255]
merge [341.2] [341.3]
merge [341.0] [341.1]
merge [342] [343]
cut [344] [262, 300]
color [344.3] [251, 205, 89, 255]
merge [344.2] [344.3]
merge [344.0] [344.1]
merge [345] [346]
cut [347] [141, 300]
color [347.3] [206, 225, 244, 255]
merge [347.2] [347.3]
merge [347.0] [347.1]
merge [348] [349]
cut [350] [87, 300]
color [350.3] [255, 255, 255, 255]
merge [350.2] [350.3]
merge [350.0] [350.1]
merge [351] [352]
cut [353] [62, 300]
color [353.3] [206, 225, 244, 255]
merge [353.2] [353.3]
merge [353.0] [353.1]
merge [354] [355]
cut [356] [40, 300]
color [356.3] [255, 255, 255, 255]
merge [356.2] [356.3]
merge [356.0] [356.1]
merge [357] [358]
cut [359] [20, 300]
color [359.3] [120, 160, 207, 255]
merge [359.2] [359.3]
merge [359.0] [359.1]
merge [360] [361]
cut [362] [y] [317]
color [362.1] [204, 219, 236, 255]
merge [362.0] [362.1]
cut [363] [385, 317]
color [363.3] [255, 255, 255, 255]
merge [363.2] [363.3]
merge [363.0] [363.1]
merge [364] [365]
cut [366] [349, 317]
color [366.3] [206, 225, 244, 255]
merge [366.2] [366.3]
merge [366.0] [366.1]
merge [367] [368]
cut [369] [262, 317]
color [369.3] [109, 77, 59, 255]
merge [369.2] [369.3]
merge [369.0] [369.1]
merge [370] [371]
cut [372] [246, 317]
color [372.3] [251, 205, 89, 255]
merge [372.2] [372.1]
merge [372.0] [372.3]
merge [373] [374]
cut [375] [159, 317]
color [375.3] [203, 202, 88, 255]
merge [375.2] [375.1]
merge [375.0] [375.3]
merge [376] [377]
cut [378] [141, 317]
color [378.3] [206, 225, 244, 255]
merge [378.2] [378.1]
merge [378.0] [378.3]
merge [379] [380]
cut [381] [62, 317]
color [381.3] [255, 255, 255, 255]
merge [381.2] [381.3]
merge [381.0] [381.1]
merge [382] [383]
cut [384] [y] [332]
color [384.1] [218, 229, 241, 255]
merge [384.0] [384.1]
cut [385] [385, 332]
color [385.3] [255, 255, 255, 255]
merge [385.2] [385.3]
merge [385.0] [385.1]
merge [386] [387]
cut [388] [349, 332]
color [388.3] [206, 225, 244, 255]
merge [388.2] [388.3]
merge [388.0] [388.1]
merge [389] [390]
cut [391] [246, 332]
color [391.3] [205, 204, 89, 255]
merge [391.2] [391.1]
merge [391.0] [391.3]
merge [392] [393]
cut [394] [231, 332]
color [394.3] [211, 204, 88, 255]
merge [394.2] [394.1]
merge [394.0] [394.3]
merge [395] [396]
cut [397] [215, 332]
color [397.3] [234, 195, 88, 255]
merge [397.2] [397.1]
merge [397.0] [397.3]
merge [398] [399]
cut [400] [191, 332]
color [400.3] [206, 204, 88, 255]
merge [400.2] [400.1]
merge [400.0] [400.3]
merge [401] [402]
cut [403] [176, 332]
color [403.3] [206, 225, 244, 255]
merge [403.2] [403.1]
merge [403.0] [403.3]
merge [404] [405]
cut [406] [87, 332]
color [406.3] [231, 240, 249, 255]
merge [406.2] [406.3]
merge [406.0] [406.1]
merge [407] [408]
cut [409] [62, 332]
color [409.3] [255, 255, 255, 255]
merge [409.2] [409.3]
merge [409.0] [409.1]
merge [410] [411]
cut [412] [y] [352]
color [412.1] [255, 255, 255, 255]
merge [412.0] [412.1]
cut [413] [385, 352]
color [413.3] [241, 188, 25, 255]
merge [413.2] [413.3]
merge [413.0] [413.1]
merge [414] [415]
cut [416] [349, 352]
color [416.3] [255, 255, 255, 255]
merge [416.2] [416.3]
merge [416.0] [416.1]
merge [417] [418]
cut [419] [292, 352]
color [419.3] [206, 225, 244, 255]
merge [419.2] [419.1]
merge [419.0] [419.3]
merge [420] [421]
cut [422] [109, 352]
color [422.3] [255, 255, 255, 255]
merge [422.2] [422.1]
merge [422.0] [422.3]
merge [423] [424]
cut [425] [292, 385]
color [425.3] [255, 255, 255, 255]
merge [425.2] [425.1]
merge [425.0] [425.3]
merge [426] [427]
#$27671
