color [0] [106, 131, 155, 255]
cut [0] [x] [50]
color [0.1] [45, 59, 135, 255]
merge [0.0] [0.1]
cut [1] [x] [136]
color [1.1] [76, 102, 153, 255]
merge [1.0] [1.1]
cut [2] [x] [175]
color [2.1] [59, 82, 145, 255]
merge [2.0] [2.1]
cut [3] [x] [235]
color [3.1] [51, 69, 145, 255]
merge [3.0] [3.1]
cut [4] [x] [279]
color [4.1] [127, 149, 136, 255]
merge [4.0] [4.1]
cut [5] [x] [309]
color [5.1] [79, 103, 145, 255]
merge [5.0] [5.1]
cut [6] [x] [340]
color [6.1] [59, 76, 137, 255]
merge [6.0] [6.1]
cut [7] [x] [370]
color [7.1] [80, 106, 163, 255]
merge [7.0] [7.1]
cut [8] [y] [353]
color [8.0] [59, 83, 160, 255]
merge [8.0] [8.1]
cut [9] [50, 353]
color [9.1] [57, 80, 128, 255]
merge [9.2] [9.1]
merge [9.0] [9.3]
merge [10] [11]
cut [12] [89, 353]
color [12.1] [100, 120, 134, 255]
merge [12.2] [12.1]
merge [12.0] [12.3]
merge [13] [14]
cut [15] [136, 353]
color [15.1] [76, 102, 153, 255]
merge [15.2] [15.1]
merge [15.0] [15.3]
merge [16] [17]
cut [18] [175, 353]
color [18.1] [105, 127, 153, 255]
merge [18.2] [18.1]
merge [18.0] [18.3]
merge [19] [20]
cut [21] [235, 353]
color [21.1] [85, 112, 155, 255]
merge [21.2] [21.1]
merge [21.0] [21.3]
merge [22] [23]
cut [24] [279, 353]
color [24.1] [70, 101, 153, 255]
merge [24.2] [24.1]
merge [24.0] [24.3]
merge [25] [26]
cut [27] [309, 353]
color [27.1] [67, 95, 145, 255]
merge [27.2] [27.1]
merge [27.0] [27.3]
merge [28] [29]
cut [30] [340, 353]
color [30.1] [89, 124, 170, 255]
merge [30.2] [30.1]
merge [30.0] [30.3]
merge [31] [32]
cut [33] [y] [319]
color [33.0] [89, 110, 156, 255]
merge [33.0] [33.1]
cut [34] [50, 319]
color [34.1] [56, 81, 142, 255]
merge [34.2] [34.1]
merge [34.0] [34.3]
merge [35] [36]
cut [37] [89, 319]
color [37.1] [104, 135, 173, 255]
merge [37.2] [37.1]
merge [37.0] [37.3]
merge [38] [39]
cut [40] [136, 319]
color [40.1] [106, 137, 164, 255]
merge [40.2] [40.1]
merge [40.0] [40.3]
merge [41] [42]
cut [43] [175, 319]
color [43.1] [79, 113, 156, 255]
merge [43.2] [43.1]
merge [43.0] [43.3]
merge [44] [45]
cut [46] [235, 319]
color [46.1] [103, 135, 171, 255]
merge [46.2] [46.1]
merge [46.0] [46.3]
merge [47] [48]
cut [49] [309, 319]
color [49.1] [89, 124, 170, 255]
merge [49.2] [49.3]
merge [49.0] [49.1]
merge [50] [51]
cut [52] [340, 319]
color [52.1] [136, 160, 169, 255]
merge [52.2] [52.3]
merge [52.0] [52.1]
merge [53] [54]
cut [55] [370, 319]
color [55.1] [89, 124, 170, 255]
merge [55.2] [55.3]
merge [55.0] [55.1]
merge [56] [57]
cut [58] [y] [285]
color [58.0] [122, 153, 181, 255]
merge [58.0] [58.1]
cut [59] [50, 285]
color [59.1] [47, 52, 47, 255]
merge [59.2] [59.1]
merge [59.0] [59.3]
merge [60] [61]
cut [62] [89, 285]
color [62.1] [87, 123, 157, 255]
merge [62.2] [62.1]
merge [62.0] [62.3]
merge [63] [64]
cut [65] [175, 285]
color [65.1] [103, 135, 171, 255]
merge [65.2] [65.1]
merge [65.0] [65.3]
merge [66] [67]
cut [68] [309, 285]
color [68.1] [89, 124, 170, 255]
merge [68.2] [68.3]
merge [68.0] [68.1]
merge [69] [70]
cut [71] [y] [230]
color [71.0] [86, 125, 160, 255]
merge [71.0] [71.1]
cut [72] [50, 230]
color [72.1] [35, 41, 36, 255]
merge [72.2] [72.1]
merge [72.0] [72.3]
merge [73] [74]
cut [75] [89, 230]
color [75.1] [72, 109, 153, 255]
merge [75.2] [75.1]
merge [75.0] [75.3]
merge [76] [77]
cut [78] [136, 230]
color [78.1] [174, 185, 171, 255]
merge [78.2] [78.1]
merge [78.0] [78.3]
merge [79] [80]
cut [81] [175, 230]
color [81.1] [103, 135, 171, 255]
merge [81.2] [81.1]
merge [81.0] [81.3]
merge [82] [83]
cut [84] [235, 230]
color [84.1] [81, 117, 162, 255]
merge [84.2] [84.3]
merge [84.0] [84.1]
merge [85] [86]
cut [87] [309, 230]
color [87.1] [89, 124, 170, 255]
merge [87.2] [87.3]
merge [87.0] [87.1]
merge [88] [89]
cut [90] [50, 175]
color [90.1] [26, 33, 29, 255]
merge [90.2] [90.3]
merge [90.0] [90.1]
merge [91] [92]
cut [93] [89, 175]
color [93.1] [59, 74, 93, 255]
merge [93.2] [93.3]
merge [93.0] [93.1]
merge [94] [95]
cut [96] [136, 175]
color [96.1] [170, 184, 181, 255]
merge [96.2] [96.3]
merge [96.0] [96.1]
merge [97] [98]
cut [99] [175, 175]
color [99.1] [131, 153, 160, 255]
merge [99.2] [99.3]
merge [99.0] [99.1]
merge [100] [101]
cut [102] [235, 175]
color [102.1] [116, 148, 158, 255]
merge [102.2] [102.3]
merge [102.0] [102.1]
merge [103] [104]
cut [105] [279, 175]
color [105.1] [131, 160, 163, 255]
merge [105.2] [105.3]
merge [105.0] [105.1]
merge [106] [107]
cut [108] [309, 175]
color [108.1] [140, 168, 171, 255]
merge [108.2] [108.3]
merge [108.0] [108.1]
merge [109] [110]
cut [111] [y] [144]
color [111.0] [120, 149, 166, 255]
merge [111.0] [111.1]
cut [112] [50, 144]
color [112.1] [26, 33, 29, 255]
merge [112.2] [112.3]
merge [112.0] [112.1]
merge [113] [114]
cut [115] [89, 144]
color [115.1] [39, 42, 36, 255]
merge [115.2] [115.1]
merge [115.0] [115.3]
merge [116] [117]
cut [118] [136, 144]
color [118.1] [119, 150, 156, 255]
merge [118.2] [118.3]
merge [118.0] [118.1]
merge [119] [120]
cut [121] [175, 144]
color [121.1] [94, 129, 153, 255]
merge [121.2] [121.3]
merge [121.0] [121.1]
merge [122] [123]
cut [124] [279, 144]
color [124.1] [49, 66, 90, 255]
merge [124.2] [124.3]
merge [124.0] [124.1]
merge [125] [126]
cut [127] [y] [114]
color [127.0] [60, 87, 155, 255]
merge [127.0] [127.1]
cut [128] [50, 114]
color [128.1] [30, 35, 31, 255]
merge [128.2] [128.3]
merge [128.0] [128.1]
merge [129] [130]
cut [131] [175, 114]
color [131.1] [39, 57, 98, 255]
merge [131.2] [131.3]
merge [131.0] [131.1]
merge [132] [133]
cut [134] [235, 114]
color [134.1] [49, 66, 90, 255]
merge [134.2] [134.1]
merge [134.0] [134.3]
merge [135] [136]
cut [137] [y] [84]
color [137.0] [40, 52, 60, 255]
merge [137.0] [137.1]
cut [138] [50, 84]
color [138.1] [30, 35, 31, 255]
merge [138.2] [138.3]
merge [138.0] [138.1]
merge [139] [140]
cut [141] [175, 84]
color [141.1] [45, 58, 74, 255]
merge [141.2] [141.1]
merge [141.0] [141.3]
merge [142] [143]
cut [144] [235, 84]
color [144.1] [49, 66, 90, 255]
merge [144.2] [144.1]
merge [144.0] [144.3]
merge [145] [146]
cut [147] [y] [52]
color [147.0] [53, 62, 54, 255]
merge [147.0] [147.1]
cut [148] [50, 52]
color [148.1] [30, 35, 31, 255]
merge [148.2] [148.3]
merge [148.0] [148.1]
merge [149] [150]
cut [151] [235, 52]
color [151.1] [49, 66, 90, 255]
merge [151.2] [151.1]
merge [151.0] [151.3]
merge [152] [153]
#$39638
