color [0] [79, 69, 38, 255]
cut [0] [x] [306]
color [0.0] [87, 77, 43, 255]
merge [0.0] [0.1]
cut [1] [x] [270]
color [1.0] [129, 109, 54, 255]
merge [1.0] [1.1]
cut [2] [x] [240]
color [2.0] [12, 17, 20, 255]
merge [2.0] [2.1]
cut [3] [x] [199]
color [3.0] [200, 172, 98, 255]
merge [3.0] [3.1]
cut [4] [x] [168]
color [4.0] [222, 177, 61, 255]
merge [4.0] [4.1]
cut [5] [x] [129]
color [5.0] [127, 109, 56, 255]
merge [5.0] [5.1]
cut [6] [x] [89]
color [6.0] [120, 104, 61, 255]
merge [6.0] [6.1]
cut [7] [y] [351]
color [7.0] [103, 88, 46, 255]
merge [7.0] [7.1]
cut [8] [351, 351]
color [8.0] [113, 94, 48, 255]
merge [8.2] [8.1]
merge [8.0] [8.3]
merge [9] [10]
cut [11] [270, 351]
color [11.0] [209, 175, 94, 255]
merge [11.2] [11.1]
merge [11.0] [11.3]
merge [12] [13]
cut [14] [240, 351]
color [14.0] [217, 178, 107, 255]
merge [14.2] [14.1]
merge [14.0] [14.3]
merge [15] [16]
cut [17] [199, 351]
color [17.0] [232, 194, 68, 255]
merge [17.2] [17.1]
merge [17.0] [17.3]
merge [18] [19]
cut [20] [168, 351]
color [20.0] [208, 164, 55, 255]
merge [20.2] [20.1]
merge [20.0] [20.3]
merge [21] [22]
cut [23] [129, 351]
color [23.0] [159, 129, 63, 255]
merge [23.2] [23.1]
merge [23.0] [23.3]
merge [24] [25]
cut [26] [89, 351]
color [26.0] [147, 127, 70, 255]
merge [26.2] [26.1]
merge [26.0] [26.3]
merge [27] [28]
cut [29] [y] [289]
color [29.0] [121, 102, 49, 255]
merge [29.0] [29.1]
cut [30] [306, 289]
color [30.0] [164, 125, 52, 255]
merge [30.2] [30.1]
merge [30.0] [30.3]
merge [31] [32]
cut [33] [270, 289]
color [33.0] [243, 196, 62, 255]
merge [33.2] [33.1]
merge [33.0] [33.3]
merge [34] [35]
cut [36] [240, 289]
color [36.0] [220, 167, 92, 255]
merge [36.2] [36.1]
merge [36.0] [36.3]
merge [37] [38]
cut [39] [199, 289]
color [39.0] [245, 214, 72, 255]
merge [39.2] [39.1]
merge [39.0] [39.3]
merge [40] [41]
cut [42] [168, 289]
color [42.0] [243, 203, 62, 255]
merge [42.2] [42.1]
merge [42.0] [42.3]
merge [43] [44]
cut [45] [129, 289]
color [45.0] [169, 138, 65, 255]
merge [45.2] [45.1]
merge [45.0] [45.3]
merge [46] [47]
cut [48] [89, 289]
color [48.0] [147, 127, 70, 255]
merge [48.2] [48.3]
merge [48.0] [48.1]
merge [49] [50]
cut [51] [351, 255]
color [51.0] [131, 109, 51, 255]
merge [51.2] [51.1]
merge [51.0] [51.3]
merge [52] [53]
cut [54] [306, 255]
color [54.0] [237, 191, 55, 255]
merge [54.2] [54.1]
merge [54.0] [54.3]
merge [55] [56]
cut [57] [270, 255]
color [57.0] [246, 208, 59, 255]
merge [57.2] [57.1]
merge [57.0] [57.3]
merge [58] [59]
cut [60] [240, 255]
color [60.0] [198, 159, 72, 255]
merge [60.2] [60.1]
merge [60.0] [60.3]
merge [61] [62]
cut [63] [199, 255]
color [63.0] [241, 206, 71, 255]
merge [63.2] [63.1]
merge [63.0] [63.3]
merge [64] [65]
cut [66] [168, 255]
color [66.0] [243, 203, 62, 255]
merge [66.2] [66.1]
merge [66.0] [66.3]
merge [67] [68]
cut [69] [129, 255]
color [69.0] [188, 151, 67, 255]
merge [69.2] [69.3]
merge [69.0] [69.1]
merge [70] [71]
cut [72] [89, 255]
color [72.0] [147, 127, 70, 255]
merge [72.2] [72.3]
merge [72.0] [72.1]
merge [73] [74]
cut [75] [y] [210]
color [75.0] [131, 109, 51, 255]
merge [75.0] [75.1]
cut [76] [306, 210]
color [76.0] [246, 208, 59, 255]
merge [76.2] [76.1]
merge [76.0] [76.3]
merge [77] [78]
cut [79] [240, 210]
color [79.0] [220, 178, 67, 255]
merge [79.2] [79.1]
merge [79.0] [79.3]
merge [80] [81]
cut [82] [199, 210]
color [82.0] [241, 206, 71, 255]
merge [82.2] [82.3]
merge [82.0] [82.1]
merge [83] [84]
cut [85] [168, 210]
color [85.0] [246, 214, 67, 255]
merge [85.2] [85.3]
merge [85.0] [85.1]
merge [86] [87]
cut [88] [129, 210]
color [88.0] [147, 127, 70, 255]
merge [88.2] [88.3]
merge [88.0] [88.1]
merge [89] [90]
cut [91] [y] [159]
color [91.0] [123, 103, 48, 255]
merge [91.0] [91.1]
cut [92] [351, 159]
color [92.0] [115, 96, 44, 255]
merge [92.2] [92.3]
merge [92.0] [92.1]
merge [93] [94]
cut [95] [306, 159]
color [95.0] [241, 196, 53, 255]
merge [95.2] [95.3]
merge [95.0] [95.1]
merge [96] [97]
cut [98] [240, 159]
color [98.0] [227, 190, 66, 255]
merge [98.2] [98.3]
merge [98.0] [98.1]
merge [99] [100]
cut [101] [199, 159]
color [101.0] [237, 199, 60, 255]
merge [101.2] [101.1]
merge [101.0] [101.3]
merge [102] [103]
cut [104] [129, 159]
color [104.0] [147, 127, 70, 255]
merge [104.2] [104.3]
merge [104.0] [104.1]
merge [105] [106]
cut [107] [53, 159]
color [107.0] [121, 111, 68, 255]
merge [107.2] [107.3]
merge [107.0] [107.1]
merge [108] [109]
cut [110] [y] [129]
color [110.0] [109, 91, 44, 255]
merge [110.0] [110.1]
cut [111] [351, 129]
color [111.0] [151, 134, 60, 255]
merge [111.2] [111.3]
merge [111.0] [111.1]
merge [112] [113]
cut [114] [306, 129]
color [114.0] [224, 192, 87, 255]
merge [114.2] [114.3]
merge [114.0] [114.1]
merge [115] [116]
cut [117] [270, 129]
color [117.0] [232, 191, 63, 255]
merge [117.2] [117.3]
merge [117.0] [117.1]
merge [118] [119]
cut [120] [240, 129]
color [120.0] [220, 167, 70, 255]
merge [120.2] [120.3]
merge [120.0] [120.1]
merge [121] [122]
cut [123] [199, 129]
color [123.0] [237, 199, 60, 255]
merge [123.2] [123.3]
merge [123.0] [123.1]
merge [124] [125]
cut [126] [129, 129]
color [126.0] [147, 127, 70, 255]
merge [126.2] [126.3]
merge [126.0] [126.1]
merge [127] [128]
cut [129] [89, 129]
color [129.0] [121, 111, 68, 255]
merge [129.2] [129.3]
merge [129.0] [129.1]
merge [130] [131]
cut [132] [y] [95]
color [132.0] [100, 85, 39, 255]
merge [132.0] [132.1]
cut [133] [306, 95]
color [133.0] [154, 138, 63, 255]
merge [133.2] [133.3]
merge [133.0] [133.1]
merge [134] [135]
cut [136] [240, 95]
color [136.0] [218, 174, 57, 255]
merge [136.2] [136.3]
merge [136.0] [136.1]
merge [137] [138]
cut [139] [129, 95]
color [139.0] [105, 127, 79, 255]
merge [139.2] [139.3]
merge [139.0] [139.1]
merge [140] [141]
cut [142] [240, 64]
color [142.0] [154, 138, 63, 255]
merge [142.2] [142.1]
merge [142.0] [142.3]
merge [143] [144]
cut [145] [199, 64]
color [145.0] [105, 127, 79, 255]
merge [145.2] [145.1]
merge [145.0] [145.3]
merge [146] [147]
cut [148] [y] [30]
color [148.0] [66, 63, 34, 255]
merge [148.0] [148.1]
cut [149] [306, 30]
color [149.0] [105, 127, 79, 255]
merge [149.2] [149.1]
merge [149.0] [149.3]
merge [150] [151]
#$39107
