color [0] [8, 21, 49, 255]
cut [0] [x] [340]
color [0.0] [41, 57, 71, 255]
merge [0.0] [0.1]
cut [1] [x] [317]
color [1.0] [73, 78, 79, 255]
merge [1.0] [1.1]
cut [2] [x] [255]
color [2.0] [142, 138, 124, 255]
merge [2.0] [2.1]
cut [3] [x] [213]
color [3.0] [166, 154, 132, 255]
merge [3.0] [3.1]
cut [4] [x] [195]
color [4.0] [199, 168, 133, 255]
merge [4.0] [4.1]
cut [5] [x] [177]
color [5.0] [151, 152, 144, 255]
merge [5.0] [5.1]
cut [6] [x] [157]
color [6.0] [12, 21, 35, 255]
merge [6.0] [6.1]
cut [7] [376, 18]
color [7.3] [17, 31, 64, 255]
merge [7.2] [7.1]
merge [7.0] [7.3]
merge [8] [9]
cut [10] [358, 18]
color [10.3] [117, 157, 186, 255]
merge [10.2] [10.1]
merge [10.0] [10.3]
merge [11] [12]
cut [13] [340, 18]
color [13.3] [99, 139, 173, 255]
merge [13.2] [13.1]
merge [13.0] [13.3]
merge [14] [15]
cut [16] [317, 18]
color [16.3] [38, 53, 69, 255]
merge [16.2] [16.1]
merge [16.0] [16.3]
merge [17] [18]
cut [19] [297, 18]
color [19.3] [73, 78, 79, 255]
merge [19.2] [19.1]
merge [19.0] [19.3]
merge [20] [21]
cut [22] [255, 18]
color [22.3] [142, 138, 124, 255]
merge [22.2] [22.1]
merge [22.0] [22.3]
merge [23] [24]
cut [25] [231, 18]
color [25.3] [166, 154, 132, 255]
merge [25.2] [25.1]
merge [25.0] [25.3]
merge [26] [27]
cut [28] [195, 18]
color [28.3] [158, 150, 131, 255]
merge [28.2] [28.1]
merge [28.0] [28.3]
merge [29] [30]
cut [31] [177, 18]
color [31.3] [136, 137, 134, 255]
merge [31.2] [31.1]
merge [31.0] [31.3]
merge [32] [33]
cut [34] [157, 18]
color [34.3] [12, 21, 35, 255]
merge [34.2] [34.1]
merge [34.0] [34.3]
merge [35] [36]
cut [37] [y] [42]
color [37.1] [146, 174, 188, 255]
merge [37.0] [37.1]
cut [38] [376, 42]
color [38.3] [109, 146, 176, 255]
merge [38.2] [38.1]
merge [38.0] [38.3]
merge [39] [40]
cut [41] [358, 42]
color [41.3] [156, 189, 202, 255]
merge [41.2] [41.1]
merge [41.0] [41.3]
merge [42] [43]
cut [44] [340, 42]
color [44.3] [126, 159, 182, 255]
merge [44.2] [44.1]
merge [44.0] [44.3]
merge [45] [46]
cut [47] [317, 42]
color [47.3] [38, 53, 69, 255]
merge [47.2] [47.1]
merge [47.0] [47.3]
merge [48] [49]
cut [50] [297, 42]
color [50.3] [46, 62, 73, 255]
merge [50.2] [50.1]
merge [50.0] [50.3]
merge [51] [52]
cut [53] [274, 42]
color [53.3] [58, 72, 75, 255]
merge [53.2] [53.1]
merge [53.0] [53.3]
merge [54] [55]
cut [56] [255, 42]
color [56.3] [142, 138, 124, 255]
merge [56.2] [56.1]
merge [56.0] [56.3]
merge [57] [58]
cut [59] [231, 42]
color [59.3] [177, 157, 128, 255]
merge [59.2] [59.1]
merge [59.0] [59.3]
merge [60] [61]
cut [62] [213, 42]
color [62.3] [158, 150, 131, 255]
merge [62.2] [62.1]
merge [62.0] [62.3]
merge [63] [64]
cut [65] [177, 42]
color [65.3] [119, 122, 117, 255]
merge [65.2] [65.1]
merge [65.0] [65.3]
merge [66] [67]
cut [68] [157, 42]
color [68.3] [12, 21, 35, 255]
merge [68.2] [68.1]
merge [68.0] [68.3]
merge [69] [70]
cut [71] [376, 60]
color [71.3] [86, 117, 152, 255]
merge [71.2] [71.1]
merge [71.0] [71.3]
merge [72] [73]
cut [74] [358, 60]
color [74.3] [170, 166, 158, 255]
merge [74.2] [74.1]
merge [74.0] [74.3]
merge [75] [76]
cut [77] [340, 60]
color [77.3] [198, 188, 172, 255]
merge [77.2] [77.1]
merge [77.0] [77.3]
merge [78] [79]
cut [80] [317, 60]
color [80.3] [46, 62, 73, 255]
merge [80.2] [80.1]
merge [80.0] [80.3]
merge [81] [82]
cut [83] [255, 60]
color [83.3] [79, 95, 108, 255]
merge [83.2] [83.1]
merge [83.0] [83.3]
merge [84] [85]
cut [86] [231, 60]
color [86.3] [177, 157, 128, 255]
merge [86.2] [86.1]
merge [86.0] [86.3]
merge [87] [88]
cut [89] [213, 60]
color [89.3] [189, 162, 128, 255]
merge [89.2] [89.1]
merge [89.0] [89.3]
merge [90] [91]
cut [92] [195, 60]
color [92.3] [158, 150, 131, 255]
merge [92.2] [92.1]
merge [92.0] [92.3]
merge [93] [94]
cut [95] [177, 60]
color [95.3] [12, 21, 35, 255]
merge [95.2] [95.1]
merge [95.0] [95.3]
merge [96] [97]
cut [98] [y] [89]
color [98.1] [49, 84, 124, 255]
merge [98.0] [98.1]
cut [99] [376, 89]
color [99.3] [69, 85, 120, 255]
merge [99.2] [99.1]
merge [99.0] [99.3]
merge [100] [101]
cut [102] [358, 89]
color [102.3] [158, 146, 134, 255]
merge [102.2] [102.1]
merge [102.0] [102.3]
merge [103] [104]
cut [105] [340, 89]
color [105.3] [181, 169, 153, 255]
merge [105.2] [105.1]
merge [105.0] [105.3]
merge [106] [107]
cut [108] [317, 89]
color [108.3] [46, 62, 73, 255]
merge [108.2] [108.1]
merge [108.0] [108.3]
merge [109] [110]
cut [111] [255, 89]
color [111.3] [79, 95, 108, 255]
merge [111.2] [111.1]
merge [111.0] [111.3]
merge [112] [113]
cut [114] [231, 89]
color [114.3] [177, 157, 128, 255]
merge [114.2] [114.1]
merge [114.0] [114.3]
merge [115] [116]
cut [117] [213, 89]
color [117.3] [226, 233, 236, 255]
merge [117.2] [117.1]
merge [117.0] [117.3]
merge [118] [119]
cut [120] [195, 89]
color [120.3] [122, 126, 143, 255]
merge [120.2] [120.1]
merge [120.0] [120.3]
merge [121] [122]
cut [123] [177, 89]
color [123.3] [12, 21, 35, 255]
merge [123.2] [123.1]
merge [123.0] [123.3]
merge [124] [125]
cut [126] [y] [109]
color [126.1] [20, 35, 64, 255]
merge [126.0] [126.1]
cut [127] [376, 109]
color [127.3] [69, 85, 120, 255]
merge [127.2] [127.1]
merge [127.0] [127.3]
merge [128] [129]
cut [130] [358, 109]
color [130.3] [181, 169, 153, 255]
merge [130.2] [130.1]
merge [130.0] [130.3]
merge [131] [132]
cut [133] [317, 109]
color [133.3] [46, 62, 73, 255]
merge [133.2] [133.1]
merge [133.0] [133.3]
merge [134] [135]
cut [136] [274, 109]
color [136.3] [68, 81, 88, 255]
merge [136.2] [136.1]
merge [136.0] [136.3]
merge [137] [138]
cut [139] [255, 109]
color [139.3] [233, 241, 243, 255]
merge [139.2] [139.1]
merge [139.0] [139.3]
merge [140] [141]
cut [142] [213, 109]
color [142.3] [181, 171, 172, 255]
merge [142.2] [142.1]
merge [142.0] [142.3]
merge [143] [144]
cut [145] [195, 109]
color [145.3] [12, 21, 35, 255]
merge [145.2] [145.1]
merge [145.0] [145.3]
merge [146] [147]
cut [148] [y] [131]
color [148.1] [15, 24, 41, 255]
merge [148.0] [148.1]
cut [149] [376, 131]
color [149.3] [69, 85, 120, 255]
merge [149.2] [149.1]
merge [149.0] [149.3]
merge [150] [151]
cut [152] [358, 131]
color [152.3] [200, 195, 188, 255]
merge [152.2] [152.1]
merge [152.0] [152.3]
merge [153] [154]
cut [155] [340, 131]
color [155.3] [181, 169, 153, 255]
merge [155.2] [155.1]
merge [155.0] [155.3]
merge [156] [157]
cut [158] [317, 131]
color [158.3] [72, 83, 102, 255]
merge [158.2] [158.1]
merge [158.0] [158.3]
merge [159] [160]
cut [161] [297, 131]
color [161.3] [126, 138, 153, 255]
merge [161.2] [161.1]
merge [161.0] [161.3]
merge [162] [163]
cut [164] [274, 131]
color [164.3] [96, 109, 132, 255]
merge [164.2] [164.1]
merge [164.0] [164.3]
merge [165] [166]
cut [167] [255, 131]
color [167.3] [90, 89, 98, 255]
merge [167.2] [167.1]
merge [167.0] [167.3]
merge [168] [169]
cut [170] [231, 131]
color [170.3] [104, 102, 109, 255]
merge [170.2] [170.1]
merge [170.0] [170.3]
merge [171] [172]
cut [173] [213, 131]
color [173.3] [136, 127, 129, 255]
merge [173.2] [173.1]
merge [173.0] [173.3]
merge [174] [175]
cut [176] [157, 131]
color [176.3] [193, 177, 181, 255]
merge [176.2] [176.1]
merge [176.0] [176.3]
merge [177] [178]
cut [179] [138, 131]
color [179.3] [12, 21, 35, 255]
merge [179.2] [179.1]
merge [179.0] [179.3]
merge [180] [181]
cut [182] [y] [153]
color [182.1] [12, 21, 35, 255]
merge [182.0] [182.1]
cut [183] [376, 153]
color [183.3] [19, 40, 78, 255]
merge [183.2] [183.1]
merge [183.0] [183.3]
merge [184] [185]
cut [186] [358, 153]
color [186.3] [80, 87, 110, 255]
merge [186.2] [186.1]
merge [186.0] [186.3]
merge [187] [188]
cut [189] [340, 153]
color [189.3] [155, 143, 129, 255]
merge [189.2] [189.1]
merge [189.0] [189.3]
merge [190] [191]
cut [192] [317, 153]
color [192.3] [19, 30, 48, 255]
merge [192.2] [192.1]
merge [192.0] [192.3]
merge [193] [194]
cut [195] [274, 153]
color [195.3] [38, 57, 73, 255]
merge [195.2] [195.1]
merge [195.0] [195.3]
merge [196] [197]
cut [198] [255, 153]
color [198.3] [87, 78, 87, 255]
merge [198.2] [198.1]
merge [198.0] [198.3]
merge [199] [200]
cut [201] [213, 153]
color [201.3] [136, 127, 129, 255]
merge [201.2] [201.1]
merge [201.0] [201.3]
merge [202] [203]
cut [204] [195, 153]
color [204.3] [174, 161, 164, 255]
merge [204.2] [204.1]
merge [204.0] [204.3]
merge [205] [206]
cut [207] [177, 153]
color [207.3] [187, 171, 174, 255]
merge [207.2] [207.1]
merge [207.0] [207.3]
merge [208] [209]
cut [210] [157, 153]
color [210.3] [149, 126, 130, 255]
merge [210.2] [210.3]
merge [210.0] [210.1]
merge [211] [212]
cut [213] [138, 153]
color [213.3] [218, 195, 202, 255]
merge [213.2] [213.3]
merge [213.0] [213.1]
merge [214] [215]
cut [216] [116, 153]
color [216.3] [12, 21, 35, 255]
merge [216.2] [216.3]
merge [216.0] [216.1]
merge [217] [218]
cut [219] [376, 228]
color [219.3] [12, 21, 35, 255]
merge [219.2] [219.3]
merge [219.0] [219.1]
merge [220] [221]
cut [222] [358, 228]
color [222.3] [40, 58, 88, 255]
merge [222.2] [222.3]
merge [222.0] [222.1]
merge [223] [224]
cut [225] [340, 228]
color [225.3] [110, 105, 95, 255]
merge [225.2] [225.3]
merge [225.0] [225.1]
merge [226] [227]
cut [228] [317, 228]
color [228.3] [15, 51, 99, 255]
merge [228.2] [228.3]
merge [228.0] [228.1]
merge [229] [230]
cut [231] [297, 228]
color [231.3] [19, 65, 120, 255]
merge [231.2] [231.3]
merge [231.0] [231.1]
merge [232] [233]
cut [234] [274, 228]
color [234.3] [14, 55, 106, 255]
merge [234.2] [234.3]
merge [234.0] [234.1]
merge [235] [236]
cut [237] [255, 228]
color [237.3] [32, 68, 116, 255]
merge [237.2] [237.3]
merge [237.0] [237.1]
merge [238] [239]
cut [240] [231, 228]
color [240.3] [79, 73, 85, 255]
merge [240.2] [240.3]
merge [240.0] [240.1]
merge [241] [242]
cut [243] [213, 228]
color [243.3] [106, 100, 112, 255]
merge [243.2] [243.1]
merge [243.0] [243.3]
merge [244] [245]
cut [246] [177, 228]
color [246.3] [187, 171, 174, 255]
merge [246.2] [246.3]
merge [246.0] [246.1]
merge [247] [248]
cut [249] [116, 228]
color [249.3] [12, 21, 35, 255]
merge [249.2] [249.3]
merge [249.0] [249.1]
merge [250] [251]
cut [252] [358, 250]
color [252.3] [16, 33, 63, 255]
merge [252.2] [252.3]
merge [252.0] [252.1]
merge [253] [254]
cut [255] [340, 250]
color [255.3] [84, 78, 75, 255]
merge [255.2] [255.3]
merge [255.0] [255.1]
merge [256] [257]
cut [258] [317, 250]
color [258.3] [33, 73, 123, 255]
merge [258.2] [258.3]
merge [258.0] [258.1]
merge [259] [260]
cut [261] [213, 250]
color [261.3] [96, 104, 136, 255]
merge [261.2] [261.1]
merge [261.0] [261.3]
merge [262] [263]
cut [264] [195, 250]
color [264.3] [201, 181, 180, 255]
merge [264.2] [264.1]
merge [264.0] [264.3]
merge [265] [266]
cut [267] [157, 250]
color [267.3] [229, 213, 217, 255]
merge [267.2] [267.3]
merge [267.0] [267.1]
merge [268] [269]
cut [270] [138, 250]
color [270.3] [187, 171, 174, 255]
merge [270.2] [270.3]
merge [270.0] [270.1]
merge [271] [272]
cut [273] [116, 250]
color [273.3] [12, 21, 35, 255]
merge [273.2] [273.3]
merge [273.0] [273.1]
merge [274] [275]
cut [276] [358, 271]
color [276.3] [12, 21, 35, 255]
merge [276.2] [276.3]
merge [276.0] [276.1]
merge [277] [278]
cut [279] [340, 271]
color [279.3] [84, 78, 75, 255]
merge [279.2] [279.3]
merge [279.0] [279.1]
merge [280] [281]
cut [282] [317, 271]
color [282.3] [72, 89, 128, 255]
merge [282.2] [282.3]
merge [282.0] [282.1]
merge [283] [284]
cut [285] [297, 271]
color [285.3] [33, 73, 123, 255]
merge [285.2] [285.3]
merge [285.0] [285.1]
merge [286] [287]
cut [288] [231, 271]
color [288.3] [47, 102, 168, 255]
merge [288.2] [288.3]
merge [288.0] [288.1]
merge [289] [290]
cut [291] [213, 271]
color [291.3] [66, 109, 167, 255]
merge [291.2] [291.3]
merge [291.0] [291.1]
merge [292] [293]
cut [294] [195, 271]
color [294.3] [111, 148, 184, 255]
merge [294.2] [294.3]
merge [294.0] [294.1]
merge [295] [296]
cut [297] [177, 271]
color [297.3] [213, 198, 209, 255]
merge [297.2] [297.3]
merge [297.0] [297.1]
merge [298] [299]
cut [300] [157, 271]
color [300.3] [229, 213, 217, 255]
merge [300.2] [300.3]
merge [300.0] [300.1]
merge [301] [302]
cut [303] [138, 271]
color [303.3] [187, 171, 174, 255]
merge [303.2] [303.3]
merge [303.0] [303.1]
merge [304] [305]
cut [306] [116, 271]
color [306.3] [12, 21, 35, 255]
merge [306.2] [306.3]
merge [306.0] [306.1]
merge [307] [308]
cut [309] [340, 292]
color [309.3] [68, 68, 66, 255]
merge [309.2] [309.3]
merge [309.0] [309.1]
merge [310] [311]
cut [312] [317, 292]
color [312.3] [143, 134, 127, 255]
merge [312.2] [312.3]
merge [312.0] [312.1]
merge [313] [314]
cut [315] [297, 292]
color [315.3] [33, 73, 123, 255]
merge [315.2] [315.3]
merge [315.0] [315.1]
merge [316] [317]
cut [318] [255, 292]
color [318.3] [130, 172, 213, 255]
merge [318.2] [318.3]
merge [318.0] [318.1]
merge [319] [320]
cut [321] [138, 292]
color [321.3] [86, 104, 127, 255]
merge [321.2] [321.3]
merge [321.0] [321.1]
merge [322] [323]
cut [324] [116, 292]
color [324.3] [12, 21, 35, 255]
merge [324.2] [324.3]
merge [324.0] [324.1]
merge [325] [326]
cut [327] [340, 310]
color [327.3] [37, 49, 59, 255]
merge [327.2] [327.3]
merge [327.0] [327.1]
merge [328] [329]
cut [330] [317, 310]
color [330.3] [86, 85, 84, 255]
merge [330.2] [330.3]
merge [330.0] [330.1]
merge [331] [332]
cut [333] [297, 310]
color [333.3] [115, 115, 121, 255]
merge [333.2] [333.3]
merge [333.0] [333.1]
merge [334] [335]
cut [336] [274, 310]
color [336.3] [58, 100, 152, 255]
merge [336.2] [336.3]
merge [336.0] [336.1]
merge [337] [338]
cut [339] [255, 310]
color [339.3] [130, 172, 213, 255]
merge [339.2] [339.3]
merge [339.0] [339.1]
merge [340] [341]
cut [342] [138, 310]
color [342.3] [12, 21, 35, 255]
merge [342.2] [342.3]
merge [342.0] [342.1]
merge [343] [344]
cut [345] [340, 334]
color [345.3] [12, 21, 35, 255]
merge [345.2] [345.3]
merge [345.0] [345.1]
merge [346] [347]
cut [348] [317, 334]
color [348.3] [86, 85, 84, 255]
merge [348.2] [348.3]
merge [348.0] [348.1]
merge [349] [350]
cut [351] [297, 334]
color [351.3] [150, 145, 138, 255]
merge [351.2] [351.1]
merge [351.0] [351.3]
merge [352] [353]
cut [354] [274, 334]
color [354.3] [178, 174, 164, 255]
merge [354.2] [354.1]
merge [354.0] [354.3]
merge [355] [356]
cut [357] [255, 334]
color [357.3] [130, 172, 213, 255]
merge [357.2] [357.1]
merge [357.0] [357.3]
merge [358] [359]
cut [360] [177, 334]
color [360.3] [124, 154, 184, 255]
merge [360.2] [360.1]
merge [360.0] [360.3]
merge [361] [362]
cut [363] [157, 334]
color [363.3] [12, 21, 35, 255]
merge [363.2] [363.1]
merge [363.0] [363.3]
merge [364] [365]
cut [366] [317, 353]
color [366.3] [12, 21, 35, 255]
merge [366.2] [366.1]
merge [366.0] [366.3]
merge [367] [368]
cut [369] [297, 353]
color [369.3] [150, 145, 138, 255]
merge [369.2] [369.1]
merge [369.0] [369.3]
merge [370] [371]
cut [372] [274, 353]
color [372.3] [204, 197, 182, 255]
merge [372.2] [372.1]
merge [372.0] [372.3]
merge [373] [374]
cut [375] [255, 353]
color [375.3] [167, 165, 157, 255]
merge [375.2] [375.1]
merge [375.0] [375.3]
merge [376] [377]
cut [378] [213, 353]
color [378.3] [12, 21, 35, 255]
merge [378.2] [378.1]
merge [378.0] [378.3]
merge [379] [380]
cut [381] [297, 382]
color [381.3] [12, 21, 35, 255]
merge [381.2] [381.1]
merge [381.0] [381.3]
merge [382] [383]
#$30372
