color [0] [109, 96, 96, 255]
cut [0] [x] [307]
color [0.0] [94, 84, 83, 255]
merge [0.0] [0.1]
cut [1] [x] [269]
color [1.0] [15, 15, 14, 255]
merge [1.0] [1.1]
cut [2] [x] [183]
color [2.0] [32, 24, 29, 255]
merge [2.0] [2.1]
cut [3] [x] [129]
color [3.0] [103, 88, 90, 255]
merge [3.0] [3.1]
cut [4] [x] [98]
color [4.0] [113, 101, 102, 255]
merge [4.0] [4.1]
cut [5] [x] [62]
color [5.0] [107, 93, 93, 255]
merge [5.0] [5.1]
cut [6] [y] [59]
color [6.1] [158, 170, 175, 255]
merge [6.0] [6.1]
cut [7] [269, 59]
color [7.3] [15, 15, 14, 255]
merge [7.2] [7.1]
merge [7.0] [7.3]
merge [8] [9]
cut [10] [219, 59]
color [10.3] [28, 23, 23, 255]
merge [10.2] [10.1]
merge [10.0] [10.3]
merge [11] [12]
cut [13] [183, 59]
color [13.3] [47, 37, 43, 255]
merge [13.2] [13.1]
merge [13.0] [13.3]
merge [14] [15]
cut [16] [129, 59]
color [16.3] [148, 162, 165, 255]
merge [16.2] [16.1]
merge [16.0] [16.3]
merge [17] [18]
cut [19] [98, 59]
color [19.3] [153, 167, 173, 255]
merge [19.2] [19.1]
merge [19.0] [19.3]
merge [20] [21]
cut [22] [y] [93]
color [22.1] [174, 189, 203, 255]
merge [22.0] [22.1]
cut [23] [307, 93]
color [23.3] [164, 180, 195, 255]
merge [23.2] [23.1]
merge [23.0] [23.3]
merge [24] [25]
cut [26] [269, 93]
color [26.3] [29, 24, 26, 255]
merge [26.2] [26.1]
merge [26.0] [26.3]
merge [27] [28]
cut [29] [219, 93]
color [29.3] [38, 31, 35, 255]
merge [29.2] [29.1]
merge [29.0] [29.3]
merge [30] [31]
cut [32] [183, 93]
color [32.3] [53, 44, 51, 255]
merge [32.2] [32.1]
merge [32.0] [32.3]
merge [33] [34]
cut [35] [129, 93]
color [35.3] [166, 182, 195, 255]
merge [35.2] [35.1]
merge [35.0] [35.3]
merge [36] [37]
cut [38] [y] [128]
color [38.1] [228, 224, 221, 255]
merge [38.0] [38.1]
cut [39] [269, 128]
color [39.3] [29, 24, 26, 255]
merge [39.2] [39.1]
merge [39.0] [39.3]
merge [40] [41]
cut [42] [219, 128]
color [42.3] [38, 31, 35, 255]
merge [42.2] [42.1]
merge [42.0] [42.3]
merge [43] [44]
cut [45] [183, 128]
color [45.3] [53, 44, 51, 255]
merge [45.2] [45.1]
merge [45.0] [45.3]
merge [46] [47]
cut [48] [129, 128]
color [48.3] [229, 225, 221, 255]
merge [48.2] [48.3]
merge [48.0] [48.1]
merge [49] [50]
cut [51] [341, 164]
color [51.3] [220, 217, 211, 255]
merge [51.2] [51.1]
merge [51.0] [51.3]
merge [52] [53]
cut [54] [307, 164]
color [54.3] [213, 210, 203, 255]
merge [54.2] [54.1]
merge [54.0] [54.3]
merge [55] [56]
cut [57] [269, 164]
color [57.3] [38, 31, 35, 255]
merge [57.2] [57.1]
merge [57.0] [57.3]
merge [58] [59]
cut [60] [183, 164]
color [60.3] [46, 36, 44, 255]
merge [60.2] [60.3]
merge [60.0] [60.1]
merge [61] [62]
cut [63] [129, 164]
color [63.3] [229, 225, 221, 255]
merge [63.2] [63.3]
merge [63.0] [63.1]
merge [64] [65]
cut [66] [y] [210]
color [66.1] [220, 217, 211, 255]
merge [66.0] [66.1]
cut [67] [307, 210]
color [67.3] [204, 202, 196, 255]
merge [67.2] [67.3]
merge [67.0] [67.1]
merge [68] [69]
cut [70] [269, 210]
color [70.3] [211, 208, 205, 255]
merge [70.2] [70.3]
merge [70.0] [70.1]
merge [71] [72]
cut [73] [219, 210]
color [73.3] [168, 117, 86, 255]
merge [73.2] [73.3]
merge [73.0] [73.1]
merge [74] [75]
cut [76] [183, 210]
color [76.3] [203, 202, 201, 255]
merge [76.2] [76.3]
merge [76.0] [76.1]
merge [77] [78]
cut [79] [129, 210]
color [79.3] [195, 194, 188, 255]
merge [79.2] [79.3]
merge [79.0] [79.1]
merge [80] [81]
cut [82] [98, 210]
color [82.3] [204, 203, 197, 255]
merge [82.2] [82.3]
merge [82.0] [82.1]
merge [83] [84]
cut [85] [269, 242]
color [85.3] [204, 202, 196, 255]
merge [85.2] [85.1]
merge [85.0] [85.3]
merge [86] [87]
cut [88] [219, 242]
color [88.3] [68, 75, 43, 255]
merge [88.2] [88.1]
merge [88.0] [88.3]
merge [89] [90]
cut [91] [183, 242]
color [91.3] [176, 177, 168, 255]
merge [91.2] [91.3]
merge [91.0] [91.1]
merge [92] [93]
cut [94] [129, 242]
color [94.3] [204, 203, 197, 255]
merge [94.2] [94.3]
merge [94.0] [94.1]
merge [95] [96]
cut [97] [y] [273]
color [97.1] [209, 207, 201, 255]
merge [97.0] [97.1]
cut [98] [341, 273]
color [98.3] [204, 203, 197, 255]
merge [98.2] [98.3]
merge [98.0] [98.1]
merge [99] [100]
cut [101] [219, 273]
color [101.3] [51, 45, 41, 255]
merge [101.2] [101.3]
merge [101.0] [101.1]
merge [102] [103]
cut [104] [183, 273]
color [104.3] [204, 203, 197, 255]
merge [104.2] [104.3]
merge [104.0] [104.1]
merge [105] [106]
cut [107] [219, 303]
color [107.3] [183, 181, 174, 255]
merge [107.2] [107.3]
merge [107.0] [107.1]
merge [108] [109]
cut [110] [183, 303]
color [110.3] [204, 203, 197, 255]
merge [110.2] [110.3]
merge [110.0] [110.1]
merge [111] [112]
cut [113] [219, 335]
color [113.3] [204, 203, 197, 255]
merge [113.2] [113.1]
merge [113.0] [113.3]
merge [114] [115]
#$19228
