color [0] [211, 90, 61, 255]
cut [0] [x] [385]
color [0.0] [202, 83, 53, 255]
merge [0.0] [0.1]
cut [1] [x] [375]
color [1.0] [224, 222, 210, 255]
merge [1.0] [1.1]
cut [2] [x] [364]
color [2.0] [218, 220, 215, 255]
merge [2.0] [2.1]
cut [3] [x] [151]
color [3.0] [218, 218, 213, 255]
merge [3.0] [3.1]
cut [4] [x] [139]
color [4.0] [231, 228, 218, 255]
merge [4.0] [4.1]
cut [5] [x] [100]
color [5.0] [219, 219, 208, 255]
merge [5.0] [5.1]
cut [6] [x] [51]
color [6.0] [211, 187, 106, 255]
merge [6.0] [6.1]
cut [7] [x] [41]
color [7.0] [238, 210, 120, 255]
merge [7.0] [7.1]
cut [8] [385, 19]
color [8.3] [35, 9, 7, 255]
merge [8.2] [8.1]
merge [8.0] [8.3]
merge [9] [10]
cut [11] [375, 19]
color [11.3] [29, 34, 96, 255]
merge [11.2] [11.1]
merge [11.0] [11.3]
merge [12] [13]
cut [14] [364, 19]
color [14.3] [27, 35, 84, 255]
merge [14.2] [14.1]
merge [14.0] [14.3]
merge [15] [16]
cut [17] [342, 19]
color [17.3] [30, 33, 75, 255]
merge [17.2] [17.1]
merge [17.0] [17.3]
merge [18] [19]
cut [20] [254, 19]
color [20.3] [9, 1, 3, 255]
merge [20.2] [20.1]
merge [20.0] [20.3]
merge [21] [22]
cut [23] [165, 19]
color [23.3] [23, 7, 14, 255]
merge [23.2] [23.1]
merge [23.0] [23.3]
merge [24] [25]
cut [26] [151, 19]
color [26.3] [76, 76, 72, 255]
merge [26.2] [26.1]
merge [26.0] [26.3]
merge [27] [28]
cut [29] [139, 19]
color [29.3] [246, 246, 233, 255]
merge [29.2] [29.1]
merge [29.0] [29.3]
merge [30] [31]
cut [32] [129, 19]
color [32.3] [237, 235, 226, 255]
merge [32.2] [32.1]
merge [32.0] [32.3]
merge [33] [34]
cut [35] [119, 19]
color [35.3] [231, 228, 218, 255]
merge [35.2] [35.1]
merge [35.0] [35.3]
merge [36] [37]
cut [38] [100, 19]
color [38.3] [219, 219, 208, 255]
merge [38.2] [38.1]
merge [38.0] [38.3]
merge [39] [40]
cut [41] [51, 19]
color [41.3] [49, 37, 31, 255]
merge [41.2] [41.1]
merge [41.0] [41.3]
merge [42] [43]
cut [44] [41, 19]
color [44.3] [238, 210, 120, 255]
merge [44.2] [44.1]
merge [44.0] [44.3]
merge [45] [46]
cut [47] [385, 32]
color [47.3] [45, 16, 20, 255]
merge [47.2] [47.1]
merge [47.0] [47.3]
merge [48] [49]
cut [50] [375, 32]
color [50.3] [40, 41, 164, 255]
merge [50.2] [50.1]
merge [50.0] [50.3]
merge [51] [52]
cut [53] [254, 32]
color [53.3] [9, 1, 3, 255]
merge [53.2] [53.1]
merge [53.0] [53.3]
merge [54] [55]
cut [56] [165, 32]
color [56.3] [23, 7, 14, 255]
merge [56.2] [56.1]
merge [56.0] [56.3]
merge [57] [58]
cut [59] [151, 32]
color [59.3] [50, 43, 42, 255]
merge [59.2] [59.1]
merge [59.0] [59.3]
merge [60] [61]
cut [62] [139, 32]
color [62.3] [229, 229, 218, 255]
merge [62.2] [62.1]
merge [62.0] [62.3]
merge [63] [64]
cut [65] [119, 32]
color [65.3] [231, 228, 218, 255]
merge [65.2] [65.1]
merge [65.0] [65.3]
merge [66] [67]
cut [68] [100, 32]
color [68.3] [219, 219, 208, 255]
merge [68.2] [68.1]
merge [68.0] [68.3]
merge [69] [70]
cut [71] [51, 32]
color [71.3] [49, 37, 31, 255]
merge [71.2] [71.1]
merge [71.0] [71.3]
merge [72] [73]
cut [74] [41, 32]
color [74.3] [238, 210, 120, 255]
merge [74.2] [74.1]
merge [74.0] [74.3]
merge [75] [76]
cut [77] [165, 43]
color [77.3] [9, 1, 3, 255]
merge [77.2] [77.1]
merge [77.0] [77.3]
merge [78] [79]
cut [80] [139, 43]
color [80.3] [43, 28, 24, 255]
merge [80.2] [80.1]
merge [80.0] [80.3]
merge [81] [82]
cut [83] [119, 43]
color [83.3] [28, 10, 14, 255]
merge [83.2] [83.1]
merge [83.0] [83.3]
merge [84] [85]
cut [86] [41, 43]
color [86.3] [238, 210, 120, 255]
merge [86.2] [86.3]
merge [86.0] [86.1]
merge [87] [88]
cut [89] [254, 53]
color [89.3] [39, 34, 33, 255]
merge [89.2] [89.1]
merge [89.0] [89.3]
merge [90] [91]
cut [92] [244, 53]
color [92.3] [200, 200, 201, 255]
merge [92.2] [92.1]
merge [92.0] [92.3]
merge [93] [94]
cut [95] [165, 53]
color [95.3] [197, 197, 195, 255]
merge [95.2] [95.1]
merge [95.0] [95.3]
merge [96] [97]
cut [98] [151, 53]
color [98.3] [28, 10, 14, 255]
merge [98.2] [98.1]
merge [98.0] [98.3]
merge [99] [100]
cut [101] [41, 53]
color [101.3] [238, 210, 120, 255]
merge [101.2] [101.3]
merge [101.0] [101.1]
merge [102] [103]
cut [104] [385, 63]
color [104.3] [34, 13, 20, 255]
merge [104.2] [104.1]
merge [104.0] [104.3]
merge [105] [106]
cut [107] [375, 63]
color [107.3] [40, 41, 164, 255]
merge [107.2] [107.1]
merge [107.0] [107.3]
merge [108] [109]
cut [110] [254, 63]
color [110.3] [34, 39, 45, 255]
merge [110.2] [110.1]
merge [110.0] [110.3]
merge [111] [112]
cut [113] [244, 63]
color [113.3] [200, 200, 201, 255]
merge [113.2] [113.1]
merge [113.0] [113.3]
merge [114] [115]
cut [116] [165, 63]
color [116.3] [197, 197, 195, 255]
merge [116.2] [116.1]
merge [116.0] [116.3]
merge [117] [118]
cut [119] [151, 63]
color [119.3] [28, 10, 14, 255]
merge [119.2] [119.1]
merge [119.0] [119.3]
merge [120] [121]
cut [122] [41, 63]
color [122.3] [238, 210, 120, 255]
merge [122.2] [122.3]
merge [122.0] [122.1]
merge [123] [124]
cut [125] [331, 73]
color [125.3] [34, 44, 166, 255]
merge [125.2] [125.1]
merge [125.0] [125.3]
merge [126] [127]
cut [128] [321, 73]
color [128.3] [40, 41, 164, 255]
merge [128.2] [128.1]
merge [128.0] [128.3]
merge [129] [130]
cut [131] [254, 73]
color [131.3] [30, 40, 62, 255]
merge [131.2] [131.1]
merge [131.0] [131.3]
merge [132] [133]
cut [134] [244, 73]
color [134.3] [200, 200, 201, 255]
merge [134.2] [134.1]
merge [134.0] [134.3]
merge [135] [136]
cut [137] [165, 73]
color [137.3] [197, 197, 195, 255]
merge [137.2] [137.1]
merge [137.0] [137.3]
merge [138] [139]
cut [140] [151, 73]
color [140.3] [28, 10, 14, 255]
merge [140.2] [140.1]
merge [140.0] [140.3]
merge [141] [142]
cut [143] [41, 73]
color [143.3] [238, 210, 120, 255]
merge [143.2] [143.3]
merge [143.0] [143.1]
merge [144] [145]
cut [146] [331, 83]
color [146.3] [40, 41, 164, 255]
merge [146.2] [146.1]
merge [146.0] [146.3]
merge [147] [148]
cut [149] [254, 83]
color [149.3] [30, 40, 62, 255]
merge [149.2] [149.1]
merge [149.0] [149.3]
merge [150] [151]
cut [152] [244, 83]
color [152.3] [200, 200, 201, 255]
merge [152.2] [152.1]
merge [152.0] [152.3]
merge [153] [154]
cut [155] [165, 83]
color [155.3] [197, 197, 195, 255]
merge [155.2] [155.1]
merge [155.0] [155.3]
merge [156] [157]
cut [158] [151, 83]
color [158.3] [28, 10, 14, 255]
merge [158.2] [158.1]
merge [158.0] [158.3]
merge [159] [160]
cut [161] [41, 83]
color [161.3] [238, 210, 120, 255]
merge [161.2] [161.3]
merge [161.0] [161.1]
merge [162] [163]
cut [164] [y] [93]
color [164.1] [38, 32, 31, 255]
merge [164.0] [164.1]
cut [165] [385, 93]
color [165.3] [9, 8, 8, 255]
merge [165.2] [165.1]
merge [165.0] [165.3]
merge [166] [167]
cut [168] [375, 93]
color [168.3] [17, 18, 22, 255]
merge [168.2] [168.1]
merge [168.0] [168.3]
merge [169] [170]
cut [171] [352, 93]
color [171.3] [27, 27, 33, 255]
merge [171.2] [171.1]
merge [171.0] [171.3]
merge [172] [173]
cut [174] [321, 93]
color [174.3] [21, 21, 28, 255]
merge [174.2] [174.1]
merge [174.0] [174.3]
merge [175] [176]
cut [177] [311, 93]
color [177.3] [13, 10, 16, 255]
merge [177.2] [177.1]
merge [177.0] [177.3]
merge [178] [179]
cut [180] [278, 93]
color [180.3] [21, 20, 30, 255]
merge [180.2] [180.1]
merge [180.0] [180.3]
merge [181] [182]
cut [183] [267, 93]
color [183.3] [19, 16, 21, 255]
merge [183.2] [183.1]
merge [183.0] [183.3]
merge [184] [185]
cut [186] [254, 93]
color [186.3] [16, 6, 9, 255]
merge [186.2] [186.1]
merge [186.0] [186.3]
merge [187] [188]
cut [189] [244, 93]
color [189.3] [26, 19, 24, 255]
merge [189.2] [189.1]
merge [189.0] [189.3]
merge [190] [191]
cut [192] [230, 93]
color [192.3] [26, 14, 19, 255]
merge [192.2] [192.1]
merge [192.0] [192.3]
merge [193] [194]
cut [195] [192, 93]
color [195.3] [28, 10, 14, 255]
merge [195.2] [195.1]
merge [195.0] [195.3]
merge [196] [197]
cut [198] [41, 93]
color [198.3] [72, 62, 50, 255]
merge [198.2] [198.3]
merge [198.0] [198.1]
merge [199] [200]
cut [201] [y] [103]
color [201.1] [220, 223, 215, 255]
merge [201.0] [201.1]
cut [202] [385, 103]
color [202.3] [47, 47, 48, 255]
merge [202.2] [202.1]
merge [202.0] [202.3]
merge [203] [204]
cut [205] [375, 103]
color [205.3] [230, 230, 222, 255]
merge [205.2] [205.1]
merge [205.0] [205.3]
merge [206] [207]
cut [208] [267, 103]
color [208.3] [222, 218, 207, 255]
merge [208.2] [208.1]
merge [208.0] [208.3]
merge [209] [210]
cut [211] [254, 103]
color [211.3] [42, 38, 43, 255]
merge [211.2] [211.1]
merge [211.0] [211.3]
merge [212] [213]
cut [214] [244, 103]
color [214.3] [205, 203, 200, 255]
merge [214.2] [214.1]
merge [214.0] [214.3]
merge [215] [216]
cut [217] [151, 103]
color [217.3] [28, 10, 14, 255]
merge [217.2] [217.1]
merge [217.0] [217.3]
merge [218] [219]
cut [220] [41, 103]
color [220.3] [229, 234, 227, 255]
merge [220.2] [220.3]
merge [220.0] [220.1]
merge [221] [222]
cut [223] [y] [114]
color [223.1] [230, 234, 231, 255]
merge [223.0] [223.1]
cut [224] [385, 114]
color [224.3] [47, 47, 48, 255]
merge [224.2] [224.1]
merge [224.0] [224.3]
merge [225] [226]
cut [227] [375, 114]
color [227.3] [230, 230, 222, 255]
merge [227.2] [227.1]
merge [227.0] [227.3]
merge [228] [229]
cut [230] [254, 114]
color [230.3] [47, 41, 47, 255]
merge [230.2] [230.1]
merge [230.0] [230.3]
merge [231] [232]
cut [233] [244, 114]
color [233.3] [205, 203, 200, 255]
merge [233.2] [233.1]
merge [233.0] [233.3]
merge [234] [235]
cut [236] [151, 114]
color [236.3] [28, 10, 14, 255]
merge [236.2] [236.1]
merge [236.0] [236.3]
merge [237] [238]
cut [239] [41, 114]
color [239.3] [229, 234, 227, 255]
merge [239.2] [239.3]
merge [239.0] [239.1]
merge [240] [241]
cut [242] [165, 124]
color [242.3] [197, 192, 192, 255]
merge [242.2] [242.1]
merge [242.0] [242.3]
merge [243] [244]
cut [245] [151, 124]
color [245.3] [28, 10, 14, 255]
merge [245.2] [245.1]
merge [245.0] [245.3]
merge [246] [247]
cut [248] [41, 124]
color [248.3] [229, 234, 227, 255]
merge [248.2] [248.3]
merge [248.0] [248.1]
merge [249] [250]
cut [251] [165, 135]
color [251.3] [192, 187, 182, 255]
merge [251.2] [251.1]
merge [251.0] [251.3]
merge [252] [253]
cut [254] [151, 135]
color [254.3] [28, 10, 14, 255]
merge [254.2] [254.1]
merge [254.0] [254.3]
merge [255] [256]
cut [257] [41, 135]
color [257.3] [229, 234, 227, 255]
merge [257.2] [257.3]
merge [257.0] [257.1]
merge [258] [259]
cut [260] [385, 147]
color [260.3] [37, 36, 34, 255]
merge [260.2] [260.1]
merge [260.0] [260.3]
merge [261] [262]
cut [263] [342, 147]
color [263.3] [34, 32, 32, 255]
merge [263.2] [263.1]
merge [263.0] [263.3]
merge [264] [265]
cut [266] [321, 147]
color [266.3] [27, 23, 25, 255]
merge [266.2] [266.1]
merge [266.0] [266.3]
merge [267] [268]
cut [269] [311, 147]
color [269.3] [22, 18, 18, 255]
merge [269.2] [269.1]
merge [269.0] [269.3]
merge [270] [271]
cut [272] [289, 147]
color [272.3] [30, 27, 26, 255]
merge [272.2] [272.1]
merge [272.0] [272.3]
merge [273] [274]
cut [275] [278, 147]
color [275.3] [39, 32, 33, 255]
merge [275.2] [275.1]
merge [275.0] [275.3]
merge [276] [277]
cut [278] [254, 147]
color [278.3] [28, 10, 14, 255]
merge [278.2] [278.1]
merge [278.0] [278.3]
merge [279] [280]
cut [281] [41, 147]
color [281.3] [229, 234, 227, 255]
merge [281.2] [281.3]
merge [281.0] [281.1]
merge [282] [283]
cut [284] [385, 157]
color [284.3] [52, 54, 52, 255]
merge [284.2] [284.1]
merge [284.0] [284.3]
merge [285] [286]
cut [287] [375, 157]
color [287.3] [246, 244, 231, 255]
merge [287.2] [287.1]
merge [287.0] [287.3]
merge [288] [289]
cut [290] [321, 157]
color [290.3] [54, 52, 52, 255]
merge [290.2] [290.1]
merge [290.0] [290.3]
merge [291] [292]
cut [293] [311, 157]
color [293.3] [234, 233, 219, 255]
merge [293.2] [293.1]
merge [293.0] [293.3]
merge [294] [295]
cut [296] [267, 157]
color [296.3] [223, 219, 203, 255]
merge [296.2] [296.1]
merge [296.0] [296.3]
merge [297] [298]
cut [299] [254, 157]
color [299.3] [46, 28, 25, 255]
merge [299.2] [299.1]
merge [299.0] [299.3]
merge [300] [301]
cut [302] [244, 157]
color [302.3] [209, 81, 53, 255]
merge [302.2] [302.1]
merge [302.0] [302.3]
merge [303] [304]
cut [305] [51, 157]
color [305.3] [48, 25, 25, 255]
merge [305.2] [305.3]
merge [305.0] [305.1]
merge [306] [307]
cut [308] [41, 157]
color [308.3] [229, 234, 227, 255]
merge [308.2] [308.3]
merge [308.0] [308.1]
merge [309] [310]
cut [311] [y] [210]
color [311.1] [239, 244, 239, 255]
merge [311.0] [311.1]
cut [312] [385, 210]
color [312.3] [52, 54, 52, 255]
merge [312.2] [312.3]
merge [312.0] [312.1]
merge [313] [314]
cut [315] [375, 210]
color [315.3] [246, 244, 231, 255]
merge [315.2] [315.3]
merge [315.0] [315.1]
merge [316] [317]
cut [318] [321, 210]
color [318.3] [54, 52, 52, 255]
merge [318.2] [318.3]
merge [318.0] [318.1]
merge [319] [320]
cut [321] [311, 210]
color [321.3] [234, 233, 219, 255]
merge [321.2] [321.3]
merge [321.0] [321.1]
merge [322] [323]
cut [324] [267, 210]
color [324.3] [223, 219, 203, 255]
merge [324.2] [324.3]
merge [324.0] [324.1]
merge [325] [326]
cut [327] [254, 210]
color [327.3] [46, 28, 25, 255]
merge [327.2] [327.3]
merge [327.0] [327.1]
merge [328] [329]
cut [330] [244, 210]
color [330.3] [209, 81, 53, 255]
merge [330.2] [330.3]
merge [330.0] [330.1]
merge [331] [332]
cut [333] [51, 210]
color [333.3] [48, 25, 25, 255]
merge [333.2] [333.3]
merge [333.0] [333.1]
merge [334] [335]
cut [336] [41, 210]
color [336.3] [229, 234, 227, 255]
merge [336.2] [336.3]
merge [336.0] [336.1]
merge [337] [338]
cut [339] [385, 249]
color [339.3] [35, 33, 23, 255]
merge [339.2] [339.3]
merge [339.0] [339.1]
merge [340] [341]
cut [342] [375, 249]
color [342.3] [38, 28, 17, 255]
merge [342.2] [342.3]
merge [342.0] [342.1]
merge [343] [344]
cut [345] [321, 249]
color [345.3] [26, 17, 10, 255]
merge [345.2] [345.3]
merge [345.0] [345.1]
merge [346] [347]
cut [348] [278, 249]
color [348.3] [36, 22, 17, 255]
merge [348.2] [348.1]
merge [348.0] [348.3]
merge [349] [350]
cut [351] [267, 249]
color [351.3] [33, 12, 7, 255]
merge [351.2] [351.1]
merge [351.0] [351.3]
merge [352] [353]
cut [354] [244, 249]
color [354.3] [209, 81, 53, 255]
merge [354.2] [354.3]
merge [354.0] [354.1]
merge [355] [356]
cut [357] [51, 249]
color [357.3] [48, 25, 25, 255]
merge [357.2] [357.3]
merge [357.0] [357.1]
merge [358] [359]
cut [360] [41, 249]
color [360.3] [93, 90, 82, 255]
merge [360.2] [360.3]
merge [360.0] [360.1]
merge [361] [362]
cut [363] [y] [259]
color [363.1] [232, 234, 227, 255]
merge [363.0] [363.1]
cut [364] [385, 259]
color [364.3] [49, 43, 29, 255]
merge [364.2] [364.3]
merge [364.0] [364.1]
merge [365] [366]
cut [367] [375, 259]
color [367.3] [243, 217, 135, 255]
merge [367.2] [367.3]
merge [367.0] [367.1]
merge [368] [369]
cut [370] [254, 259]
color [370.3] [52, 22, 9, 255]
merge [370.2] [370.3]
merge [370.0] [370.1]
merge [371] [372]
cut [373] [244, 259]
color [373.3] [209, 81, 53, 255]
merge [373.2] [373.3]
merge [373.0] [373.1]
merge [374] [375]
cut [376] [51, 259]
color [376.3] [48, 25, 25, 255]
merge [376.2] [376.3]
merge [376.0] [376.1]
merge [377] [378]
cut [379] [41, 259]
color [379.3] [251, 252, 239, 255]
merge [379.2] [379.3]
merge [379.0] [379.1]
merge [380] [381]
cut [382] [385, 301]
color [382.3] [57, 51, 36, 255]
merge [382.2] [382.3]
merge [382.0] [382.1]
merge [383] [384]
cut [385] [375, 301]
color [385.3] [243, 217, 135, 255]
merge [385.2] [385.3]
merge [385.0] [385.1]
merge [386] [387]
cut [388] [254, 301]
color [388.3] [52, 22, 9, 255]
merge [388.2] [388.3]
merge [388.0] [388.1]
merge [389] [390]
cut [391] [244, 301]
color [391.3] [209, 81, 53, 255]
merge [391.2] [391.3]
merge [391.0] [391.1]
merge [392] [393]
cut [394] [51, 301]
color [394.3] [48, 25, 25, 255]
merge [394.2] [394.3]
merge [394.0] [394.1]
merge [395] [396]
cut [397] [41, 301]
color [397.3] [251, 252, 239, 255]
merge [397.2] [397.3]
merge [397.0] [397.1]
merge [398] [399]
cut [400] [385, 348]
color [400.3] [42, 32, 16, 255]
merge [400.2] [400.3]
merge [400.0] [400.1]
merge [401] [402]
cut [403] [321, 348]
color [403.3] [48, 25, 25, 255]
merge [403.2] [403.1]
merge [403.0] [403.3]
merge [404] [405]
cut [406] [41, 348]
color [406.3] [97, 88, 78, 255]
merge [406.2] [406.3]
merge [406.0] [406.1]
merge [407] [408]
cut [409] [385, 358]
color [409.3] [56, 51, 38, 255]
merge [409.2] [409.3]
merge [409.0] [409.1]
merge [410] [411]
cut [412] [375, 358]
color [412.3] [241, 215, 133, 255]
merge [412.2] [412.3]
merge [412.0] [412.1]
merge [413] [414]
cut [415] [254, 358]
color [415.3] [57, 44, 38, 255]
merge [415.2] [415.1]
merge [415.0] [415.3]
merge [416] [417]
cut [418] [244, 358]
color [418.3] [238, 235, 225, 255]
merge [418.2] [418.1]
merge [418.0] [418.3]
merge [419] [420]
cut [421] [385, 389]
color [421.3] [241, 215, 133, 255]
merge [421.2] [421.1]
merge [421.0] [421.3]
merge [422] [423]
cut [424] [244, 389]
color [424.3] [238, 235, 225, 255]
merge [424.2] [424.1]
merge [424.0] [424.3]
merge [425] [426]
#$26368
