color [0] [1, 1, 1, 255]
cut [0] [x] [67]
color [0.1] [250, 250, 250, 255]
merge [0.0] [0.1]
cut [1] [x] [162]
color [1.1] [207, 207, 207, 255]
merge [1.0] [1.1]
cut [2] [x] [177]
color [2.1] [217, 217, 217, 255]
merge [2.0] [2.1]
cut [3] [x] [215]
color [3.1] [1, 1, 1, 255]
merge [3.0] [3.1]
cut [4] [x] [250]
color [4.1] [195, 195, 195, 255]
merge [4.0] [4.1]
cut [5] [x] [265]
color [5.1] [1, 1, 1, 255]
merge [5.0] [5.1]
cut [6] [83, 380]
color [6.1] [1, 1, 1, 255]
merge [6.2] [6.1]
merge [6.0] [6.3]
merge [7] [8]
cut [9] [162, 380]
color [9.1] [250, 250, 250, 255]
merge [9.2] [9.1]
merge [9.0] [9.3]
merge [10] [11]
cut [12] [194, 380]
color [12.1] [1, 1, 1, 255]
merge [12.2] [12.1]
merge [12.0] [12.3]
merge [13] [14]
cut [15] [232, 380]
color [15.1] [250, 250, 250, 255]
merge [15.2] [15.1]
merge [15.0] [15.3]
merge [16] [17]
cut [18] [265, 380]
color [18.1] [1, 1, 1, 255]
merge [18.2] [18.1]
merge [18.0] [18.3]
merge [19] [20]
cut [21] [83, 359]
color [21.1] [250, 250, 250, 255]
merge [21.2] [21.1]
merge [21.0] [21.3]
merge [22] [23]
cut [24] [348, 359]
color [24.1] [1, 1, 1, 255]
merge [24.2] [24.1]
merge [24.0] [24.3]
merge [25] [26]
cut [27] [194, 344]
color [27.1] [101, 101, 101, 255]
merge [27.2] [27.1]
merge [27.0] [27.3]
merge [28] [29]
cut [30] [215, 344]
color [30.1] [250, 250, 250, 255]
merge [30.2] [30.1]
merge [30.0] [30.3]
merge [31] [32]
cut [33] [333, 344]
color [33.1] [1, 1, 1, 255]
merge [33.2] [33.1]
merge [33.0] [33.3]
merge [34] [35]
cut [36] [194, 329]
color [36.1] [250, 250, 250, 255]
merge [36.2] [36.1]
merge [36.0] [36.3]
merge [37] [38]
cut [39] [302, 329]
color [39.1] [7, 7, 7, 255]
merge [39.2] [39.1]
merge [39.0] [39.3]
merge [40] [41]
cut [42] [318, 329]
color [42.1] [250, 250, 250, 255]
merge [42.2] [42.1]
merge [42.0] [42.3]
merge [43] [44]
cut [45] [333, 329]
color [45.1] [1, 1, 1, 255]
merge [45.2] [45.3]
merge [45.0] [45.1]
merge [46] [47]
cut [48] [177, 313]
color [48.1] [212, 212, 212, 255]
merge [48.2] [48.1]
merge [48.0] [48.3]
merge [49] [50]
cut [51] [194, 313]
color [51.1] [250, 250, 250, 255]
merge [51.2] [51.1]
merge [51.0] [51.3]
merge [52] [53]
cut [54] [333, 313]
color [54.1] [1, 1, 1, 255]
merge [54.2] [54.3]
merge [54.0] [54.1]
merge [55] [56]
cut [57] [67, 298]
color [57.1] [1, 1, 1, 255]
merge [57.2] [57.1]
merge [57.0] [57.3]
merge [58] [59]
cut [60] [177, 298]
color [60.1] [118, 93, 69, 255]
merge [60.2] [60.1]
merge [60.0] [60.3]
merge [61] [62]
cut [63] [194, 298]
color [63.1] [214, 190, 172, 255]
merge [63.2] [63.1]
merge [63.0] [63.3]
merge [64] [65]
cut [66] [215, 298]
color [66.1] [1, 1, 1, 255]
merge [66.2] [66.1]
merge [66.0] [66.3]
merge [67] [68]
cut [69] [162, 275]
color [69.1] [36, 23, 13, 255]
merge [69.2] [69.1]
merge [69.0] [69.3]
merge [70] [71]
cut [72] [177, 275]
color [72.1] [171, 136, 112, 255]
merge [72.2] [72.1]
merge [72.0] [72.3]
merge [73] [74]
cut [75] [194, 275]
color [75.1] [214, 190, 172, 255]
merge [75.2] [75.1]
merge [75.0] [75.3]
merge [76] [77]
cut [78] [232, 275]
color [78.1] [1, 1, 1, 255]
merge [78.2] [78.1]
merge [78.0] [78.3]
merge [79] [80]
cut [81] [162, 258]
color [81.1] [1, 1, 1, 255]
merge [81.2] [81.1]
merge [81.0] [81.3]
merge [82] [83]
cut [84] [177, 258]
color [84.1] [121, 97, 79, 255]
merge [84.2] [84.1]
merge [84.0] [84.3]
merge [85] [86]
cut [87] [215, 258]
color [87.1] [166, 134, 106, 255]
merge [87.2] [87.1]
merge [87.0] [87.3]
merge [88] [89]
cut [90] [232, 258]
color [90.1] [1, 1, 1, 255]
merge [90.2] [90.1]
merge [90.0] [90.3]
merge [91] [92]
cut [93] [177, 230]
color [93.1] [1, 1, 1, 255]
merge [93.2] [93.1]
merge [93.0] [93.3]
merge [94] [95]
cut [96] [194, 230]
color [96.1] [166, 134, 106, 255]
merge [96.2] [96.1]
merge [96.0] [96.3]
merge [97] [98]
cut [99] [232, 230]
color [99.1] [1, 1, 1, 255]
merge [99.2] [99.3]
merge [99.0] [99.1]
merge [100] [101]
cut [102] [194, 212]
color [102.1] [1, 1, 1, 255]
merge [102.2] [102.3]
merge [102.0] [102.1]
merge [103] [104]
cut [105] [177, 171]
color [105.1] [192, 199, 213, 255]
merge [105.2] [105.1]
merge [105.0] [105.3]
merge [106] [107]
cut [108] [194, 171]
color [108.1] [252, 252, 252, 255]
merge [108.2] [108.1]
merge [108.0] [108.3]
merge [109] [110]
cut [111] [215, 171]
color [111.1] [1, 1, 1, 255]
merge [111.2] [111.3]
merge [111.0] [111.1]
merge [112] [113]
cut [114] [177, 154]
color [114.1] [13, 28, 41, 255]
merge [114.2] [114.3]
merge [114.0] [114.1]
merge [115] [116]
cut [117] [194, 154]
color [117.1] [252, 252, 252, 255]
merge [117.2] [117.1]
merge [117.0] [117.3]
merge [118] [119]
cut [120] [215, 154]
color [120.1] [1, 1, 1, 255]
merge [120.2] [120.3]
merge [120.0] [120.1]
merge [121] [122]
cut [123] [177, 109]
color [123.1] [110, 101, 86, 255]
merge [123.2] [123.3]
merge [123.0] [123.1]
merge [124] [125]
cut [126] [194, 109]
color [126.1] [1, 1, 1, 255]
merge [126.2] [126.3]
merge [126.0] [126.1]
merge [127] [128]
cut [129] [123, 94]
color [129.1] [65, 43, 27, 255]
merge [129.2] [129.3]
merge [129.0] [129.1]
merge [130] [131]
cut [132] [144, 94]
color [132.1] [1, 1, 1, 255]
merge [132.2] [132.3]
merge [132.0] [132.1]
merge [133] [134]
cut [135] [162, 94]
color [135.1] [138, 119, 108, 255]
merge [135.2] [135.3]
merge [135.0] [135.1]
merge [136] [137]
cut [138] [177, 94]
color [138.1] [1, 1, 1, 255]
merge [138.2] [138.3]
merge [138.0] [138.1]
merge [139] [140]
cut [141] [162, 79]
color [141.1] [1, 1, 1, 255]
merge [141.2] [141.1]
merge [141.0] [141.3]
merge [142] [143]
cut [144] [123, 60]
color [144.1] [1, 1, 1, 255]
merge [144.2] [144.1]
merge [144.0] [144.3]
merge [145] [146]
cut [147] [177, 16]
color [147.1] [146, 147, 147, 255]
merge [147.2] [147.1]
merge [147.0] [147.3]
merge [148] [149]
cut [150] [194, 16]
color [150.1] [1, 1, 1, 255]
merge [150.2] [150.1]
merge [150.0] [150.3]
merge [151] [152]
#$23761
