color [0] [255, 255, 255, 255]
cut [0] [x] [175]
color [0.1] [225, 173, 104, 255]
merge [0.0] [0.1]
cut [1] [x] [227]
color [1.1] [255, 255, 255, 255]
merge [1.0] [1.1]
cut [2] [185, 389]
color [2.1] [255, 255, 255, 255]
merge [2.2] [2.1]
merge [2.0] [2.3]
merge [3] [4]
cut [5] [195, 389]
color [5.1] [225, 173, 104, 255]
merge [5.2] [5.1]
merge [5.0] [5.3]
merge [6] [7]
cut [8] [205, 389]
color [8.1] [255, 255, 255, 255]
merge [8.2] [8.1]
merge [8.0] [8.3]
merge [9] [10]
cut [11] [216, 389]
color [11.1] [225, 173, 104, 255]
merge [11.2] [11.1]
merge [11.0] [11.3]
merge [12] [13]
cut [14] [227, 389]
color [14.1] [255, 255, 255, 255]
merge [14.2] [14.1]
merge [14.0] [14.3]
merge [15] [16]
cut [17] [175, 379]
color [17.1] [255, 255, 255, 255]
merge [17.2] [17.1]
merge [17.0] [17.3]
merge [18] [19]
cut [20] [42, 369]
color [20.1] [11, 14, 22, 255]
merge [20.2] [20.1]
merge [20.0] [20.3]
merge [21] [22]
cut [23] [175, 369]
color [23.1] [148, 202, 214, 255]
merge [23.2] [23.1]
merge [23.0] [23.3]
merge [24] [25]
cut [26] [185, 369]
color [26.1] [164, 219, 248, 255]
merge [26.2] [26.1]
merge [26.0] [26.3]
merge [27] [28]
cut [29] [205, 369]
color [29.1] [12, 14, 21, 255]
merge [29.2] [29.1]
merge [29.0] [29.3]
merge [30] [31]
cut [32] [253, 369]
color [32.1] [43, 59, 43, 255]
merge [32.2] [32.1]
merge [32.0] [32.3]
merge [33] [34]
cut [35] [279, 369]
color [35.1] [12, 14, 21, 255]
merge [35.2] [35.1]
merge [35.0] [35.3]
merge [36] [37]
cut [38] [358, 369]
color [38.1] [255, 255, 255, 255]
merge [38.2] [38.1]
merge [38.0] [38.3]
merge [39] [40]
cut [41] [175, 359]
color [41.1] [47, 81, 58, 255]
merge [41.2] [41.1]
merge [41.0] [41.3]
merge [42] [43]
cut [44] [185, 359]
color [44.1] [164, 219, 248, 255]
merge [44.2] [44.1]
merge [44.0] [44.3]
merge [45] [46]
cut [47] [195, 359]
color [47.1] [77, 118, 102, 255]
merge [47.2] [47.1]
merge [47.0] [47.3]
merge [48] [49]
cut [50] [205, 359]
color [50.1] [12, 14, 21, 255]
merge [50.2] [50.1]
merge [50.0] [50.3]
merge [51] [52]
cut [53] [358, 359]
color [53.1] [255, 255, 255, 255]
merge [53.2] [53.3]
merge [53.0] [53.1]
merge [54] [55]
cut [56] [143, 349]
color [56.1] [54, 87, 63, 255]
merge [56.2] [56.1]
merge [56.0] [56.3]
merge [57] [58]
cut [59] [154, 349]
color [59.1] [9, 13, 21, 255]
merge [59.2] [59.1]
merge [59.0] [59.3]
merge [60] [61]
cut [62] [165, 349]
color [62.1] [11, 14, 22, 255]
merge [62.2] [62.1]
merge [62.0] [62.3]
merge [63] [64]
cut [65] [175, 349]
color [65.1] [47, 81, 58, 255]
merge [65.2] [65.1]
merge [65.0] [65.3]
merge [66] [67]
cut [68] [185, 349]
color [68.1] [60, 91, 78, 255]
merge [68.2] [68.1]
merge [68.0] [68.3]
merge [69] [70]
cut [71] [195, 349]
color [71.1] [31, 42, 40, 255]
merge [71.2] [71.1]
merge [71.0] [71.3]
merge [72] [73]
cut [74] [227, 349]
color [74.1] [128, 133, 109, 255]
merge [74.2] [74.1]
merge [74.0] [74.3]
merge [75] [76]
cut [77] [240, 349]
color [77.1] [91, 85, 68, 255]
merge [77.2] [77.1]
merge [77.0] [77.3]
merge [78] [79]
cut [80] [253, 349]
color [80.1] [12, 14, 21, 255]
merge [80.2] [80.1]
merge [80.0] [80.3]
merge [81] [82]
cut [83] [358, 349]
color [83.1] [255, 255, 255, 255]
merge [83.2] [83.3]
merge [83.0] [83.1]
merge [84] [85]
cut [86] [143, 339]
color [86.1] [106, 124, 100, 255]
merge [86.2] [86.1]
merge [86.0] [86.3]
merge [87] [88]
cut [89] [154, 339]
color [89.1] [80, 85, 70, 255]
merge [89.2] [89.1]
merge [89.0] [89.3]
merge [90] [91]
cut [92] [175, 339]
color [92.1] [66, 79, 76, 255]
merge [92.2] [92.1]
merge [92.0] [92.3]
merge [93] [94]
cut [95] [227, 339]
color [95.1] [91, 85, 68, 255]
merge [95.2] [95.1]
merge [95.0] [95.3]
merge [96] [97]
cut [98] [253, 339]
color [98.1] [48, 51, 53, 255]
merge [98.2] [98.1]
merge [98.0] [98.3]
merge [99] [100]
cut [101] [266, 339]
color [101.1] [12, 14, 21, 255]
merge [101.2] [101.1]
merge [101.0] [101.3]
merge [102] [103]
cut [104] [299, 339]
color [104.1] [82, 82, 64, 255]
merge [104.2] [104.1]
merge [104.0] [104.3]
merge [105] [106]
cut [107] [309, 339]
color [107.1] [12, 14, 21, 255]
merge [107.2] [107.1]
merge [107.0] [107.3]
merge [108] [109]
cut [110] [358, 339]
color [110.1] [255, 255, 255, 255]
merge [110.2] [110.3]
merge [110.0] [110.1]
merge [111] [112]
cut [113] [110, 329]
color [113.1] [134, 129, 102, 255]
merge [113.2] [113.1]
merge [113.0] [113.3]
merge [114] [115]
cut [116] [122, 329]
color [116.1] [43, 56, 61, 255]
merge [116.2] [116.1]
merge [116.0] [116.3]
merge [117] [118]
cut [119] [143, 329]
color [119.1] [86, 102, 82, 255]
merge [119.2] [119.1]
merge [119.0] [119.3]
merge [120] [121]
cut [122] [154, 329]
color [122.1] [139, 150, 138, 255]
merge [122.2] [122.1]
merge [122.0] [122.3]
merge [123] [124]
cut [125] [165, 329]
color [125.1] [167, 195, 198, 255]
merge [125.2] [125.1]
merge [125.0] [125.3]
merge [126] [127]
cut [128] [175, 329]
color [128.1] [66, 79, 76, 255]
merge [128.2] [128.1]
merge [128.0] [128.3]
merge [129] [130]
cut [131] [227, 329]
color [131.1] [113, 125, 120, 255]
merge [131.2] [131.1]
merge [131.0] [131.3]
merge [132] [133]
cut [134] [240, 329]
color [134.1] [123, 144, 151, 255]
merge [134.2] [134.1]
merge [134.0] [134.3]
merge [135] [136]
cut [137] [253, 329]
color [137.1] [48, 51, 53, 255]
merge [137.2] [137.1]
merge [137.0] [137.3]
merge [138] [139]
cut [140] [266, 329]
color [140.1] [12, 14, 21, 255]
merge [140.2] [140.1]
merge [140.0] [140.3]
merge [141] [142]
cut [143] [299, 329]
color [143.1] [82, 82, 64, 255]
merge [143.2] [143.1]
merge [143.0] [143.3]
merge [144] [145]
cut [146] [309, 329]
color [146.1] [12, 14, 21, 255]
merge [146.2] [146.1]
merge [146.0] [146.3]
merge [147] [148]
cut [149] [321, 329]
color [149.1] [83, 87, 62, 255]
merge [149.2] [149.1]
merge [149.0] [149.3]
merge [150] [151]
cut [152] [334, 329]
color [152.1] [12, 14, 21, 255]
merge [152.2] [152.3]
merge [152.0] [152.1]
merge [153] [154]
cut [155] [358, 329]
color [155.1] [255, 255, 255, 255]
merge [155.2] [155.3]
merge [155.0] [155.1]
merge [156] [157]
cut [158] [90, 319]
color [158.1] [49, 66, 69, 255]
merge [158.2] [158.1]
merge [158.0] [158.3]
merge [159] [160]
cut [161] [100, 319]
color [161.1] [90, 97, 90, 255]
merge [161.2] [161.1]
merge [161.0] [161.3]
merge [162] [163]
cut [164] [110, 319]
color [164.1] [33, 50, 57, 255]
merge [164.2] [164.1]
merge [164.0] [164.3]
merge [165] [166]
cut [167] [122, 319]
color [167.1] [152, 149, 134, 255]
merge [167.2] [167.1]
merge [167.0] [167.3]
merge [168] [169]
cut [170] [132, 319]
color [170.1] [43, 56, 61, 255]
merge [170.2] [170.1]
merge [170.0] [170.3]
merge [171] [172]
cut [173] [165, 319]
color [173.1] [66, 79, 76, 255]
merge [173.2] [173.1]
merge [173.0] [173.3]
merge [174] [175]
cut [176] [227, 319]
color [176.1] [71, 60, 56, 255]
merge [176.2] [176.1]
merge [176.0] [176.3]
merge [177] [178]
cut [179] [240, 319]
color [179.1] [48, 51, 53, 255]
merge [179.2] [179.1]
merge [179.0] [179.3]
merge [180] [181]
cut [182] [279, 319]
color [182.1] [12, 14, 21, 255]
merge [182.2] [182.1]
merge [182.0] [182.3]
merge [183] [184]
cut [185] [299, 319]
color [185.1] [114, 91, 72, 255]
merge [185.2] [185.1]
merge [185.0] [185.3]
merge [186] [187]
cut [188] [309, 319]
color [188.1] [12, 14, 21, 255]
merge [188.2] [188.3]
merge [188.0] [188.1]
merge [189] [190]
cut [191] [358, 319]
color [191.1] [255, 255, 255, 255]
merge [191.2] [191.3]
merge [191.0] [191.1]
merge [192] [193]
cut [194] [100, 309]
color [194.1] [177, 175, 158, 255]
merge [194.2] [194.1]
merge [194.0] [194.3]
merge [195] [196]
cut [197] [110, 309]
color [197.1] [204, 209, 189, 255]
merge [197.2] [197.1]
merge [197.0] [197.3]
merge [198] [199]
cut [200] [122, 309]
color [200.1] [188, 192, 161, 255]
merge [200.2] [200.1]
merge [200.0] [200.3]
merge [201] [202]
cut [203] [132, 309]
color [203.1] [110, 111, 92, 255]
merge [203.2] [203.1]
merge [203.0] [203.3]
merge [204] [205]
cut [206] [143, 309]
color [206.1] [43, 56, 61, 255]
merge [206.2] [206.1]
merge [206.0] [206.3]
merge [207] [208]
cut [209] [154, 309]
color [209.1] [66, 79, 76, 255]
merge [209.2] [209.1]
merge [209.0] [209.3]
merge [210] [211]
cut [212] [227, 309]
color [212.1] [127, 112, 89, 255]
merge [212.2] [212.1]
merge [212.0] [212.3]
merge [213] [214]
cut [215] [240, 309]
color [215.1] [84, 90, 78, 255]
merge [215.2] [215.1]
merge [215.0] [215.3]
merge [216] [217]
cut [218] [289, 309]
color [218.1] [65, 55, 54, 255]
merge [218.2] [218.1]
merge [218.0] [218.3]
merge [219] [220]
cut [221] [299, 309]
color [221.1] [114, 91, 72, 255]
merge [221.2] [221.1]
merge [221.0] [221.3]
merge [222] [223]
cut [224] [309, 309]
color [224.1] [42, 51, 54, 255]
merge [224.2] [224.3]
merge [224.0] [224.1]
merge [225] [226]
cut [227] [321, 309]
color [227.1] [12, 14, 21, 255]
merge [227.2] [227.3]
merge [227.0] [227.1]
merge [228] [229]
cut [230] [358, 309]
color [230.1] [255, 255, 255, 255]
merge [230.2] [230.3]
merge [230.0] [230.1]
merge [231] [232]
cut [233] [42, 298]
color [233.1] [31, 46, 55, 255]
merge [233.2] [233.1]
merge [233.0] [233.3]
merge [234] [235]
cut [236] [77, 298]
color [236.1] [59, 121, 166, 255]
merge [236.2] [236.1]
merge [236.0] [236.3]
merge [237] [238]
cut [239] [90, 298]
color [239.1] [49, 66, 69, 255]
merge [239.2] [239.1]
merge [239.0] [239.3]
merge [240] [241]
cut [242] [100, 298]
color [242.1] [16, 19, 27, 255]
merge [242.2] [242.1]
merge [242.0] [242.3]
merge [243] [244]
cut [245] [110, 298]
color [245.1] [34, 47, 53, 255]
merge [245.2] [245.1]
merge [245.0] [245.3]
merge [246] [247]
cut [248] [132, 298]
color [248.1] [66, 79, 76, 255]
merge [248.2] [248.1]
merge [248.0] [248.3]
merge [249] [250]
cut [251] [216, 298]
color [251.1] [17, 17, 25, 255]
merge [251.2] [251.1]
merge [251.0] [251.3]
merge [252] [253]
cut [254] [227, 298]
color [254.1] [84, 90, 78, 255]
merge [254.2] [254.1]
merge [254.0] [254.3]
merge [255] [256]
cut [257] [253, 298]
color [257.1] [131, 128, 99, 255]
merge [257.2] [257.1]
merge [257.0] [257.3]
merge [258] [259]
cut [260] [289, 298]
color [260.1] [231, 230, 203, 255]
merge [260.2] [260.3]
merge [260.0] [260.1]
merge [261] [262]
cut [263] [309, 298]
color [263.1] [83, 96, 85, 255]
merge [263.2] [263.3]
merge [263.0] [263.1]
merge [264] [265]
cut [266] [358, 298]
color [266.1] [255, 255, 255, 255]
merge [266.2] [266.3]
merge [266.0] [266.1]
merge [267] [268]
cut [269] [100, 288]
color [269.1] [34, 47, 53, 255]
merge [269.2] [269.1]
merge [269.0] [269.3]
merge [270] [271]
cut [272] [132, 288]
color [272.1] [66, 79, 76, 255]
merge [272.2] [272.1]
merge [272.0] [272.3]
merge [273] [274]
cut [275] [216, 288]
color [275.1] [17, 17, 25, 255]
merge [275.2] [275.1]
merge [275.0] [275.3]
merge [276] [277]
cut [278] [240, 288]
color [278.1] [62, 71, 70, 255]
merge [278.2] [278.1]
merge [278.0] [278.3]
merge [279] [280]
cut [281] [266, 288]
color [281.1] [107, 105, 82, 255]
merge [281.2] [281.1]
merge [281.0] [281.3]
merge [282] [283]
cut [284] [279, 288]
color [284.1] [131, 128, 99, 255]
merge [284.2] [284.3]
merge [284.0] [284.1]
merge [285] [286]
cut [287] [289, 288]
color [287.1] [231, 230, 203, 255]
merge [287.2] [287.3]
merge [287.0] [287.1]
merge [288] [289]
cut [290] [309, 288]
color [290.1] [104, 111, 96, 255]
merge [290.2] [290.3]
merge [290.0] [290.1]
merge [291] [292]
cut [293] [358, 288]
color [293.1] [255, 255, 255, 255]
merge [293.2] [293.3]
merge [293.0] [293.1]
merge [294] [295]
cut [296] [77, 276]
color [296.1] [54, 95, 115, 255]
merge [296.2] [296.1]
merge [296.0] [296.3]
merge [297] [298]
cut [299] [100, 276]
color [299.1] [66, 79, 76, 255]
merge [299.2] [299.1]
merge [299.0] [299.3]
merge [300] [301]
cut [302] [216, 276]
color [302.1] [17, 17, 25, 255]
merge [302.2] [302.1]
merge [302.0] [302.3]
merge [303] [304]
cut [305] [240, 276]
color [305.1] [62, 71, 70, 255]
merge [305.2] [305.1]
merge [305.0] [305.3]
merge [306] [307]
cut [308] [279, 276]
color [308.1] [192, 184, 158, 255]
merge [308.2] [308.3]
merge [308.0] [308.1]
merge [309] [310]
cut [311] [289, 276]
color [311.1] [231, 230, 203, 255]
merge [311.2] [311.3]
merge [311.0] [311.1]
merge [312] [313]
cut [314] [309, 276]
color [314.1] [104, 111, 96, 255]
merge [314.2] [314.3]
merge [314.0] [314.1]
merge [315] [316]
cut [317] [358, 276]
color [317.1] [255, 255, 255, 255]
merge [317.2] [317.3]
merge [317.0] [317.1]
merge [318] [319]
cut [320] [42, 266]
color [320.1] [66, 79, 76, 255]
merge [320.2] [320.1]
merge [320.0] [320.3]
merge [321] [322]
cut [323] [216, 266]
color [323.1] [17, 17, 25, 255]
merge [323.2] [323.1]
merge [323.0] [323.3]
merge [324] [325]
cut [326] [240, 266]
color [326.1] [62, 71, 70, 255]
merge [326.2] [326.1]
merge [326.0] [326.3]
merge [327] [328]
cut [329] [279, 266]
color [329.1] [255, 255, 255, 255]
merge [329.2] [329.3]
merge [329.0] [329.1]
merge [330] [331]
cut [332] [299, 266]
color [332.1] [209, 197, 151, 255]
merge [332.2] [332.3]
merge [332.0] [332.1]
merge [333] [334]
cut [335] [309, 266]
color [335.1] [104, 111, 96, 255]
merge [335.2] [335.3]
merge [335.0] [335.1]
merge [336] [337]
cut [338] [358, 266]
color [338.1] [255, 255, 255, 255]
merge [338.2] [338.3]
merge [338.0] [338.1]
merge [339] [340]
cut [341] [205, 255]
color [341.1] [17, 17, 25, 255]
merge [341.2] [341.1]
merge [341.0] [341.3]
merge [342] [343]
cut [344] [240, 255]
color [344.1] [62, 71, 70, 255]
merge [344.2] [344.1]
merge [344.0] [344.3]
merge [345] [346]
cut [347] [289, 255]
color [347.1] [255, 255, 255, 255]
merge [347.2] [347.3]
merge [347.0] [347.1]
merge [348] [349]
cut [350] [309, 255]
color [350.1] [104, 111, 96, 255]
merge [350.2] [350.3]
merge [350.0] [350.1]
merge [351] [352]
cut [353] [358, 255]
color [353.1] [255, 255, 255, 255]
merge [353.2] [353.3]
merge [353.0] [353.1]
merge [354] [355]
cut [356] [42, 242]
color [356.1] [210, 207, 186, 255]
merge [356.2] [356.1]
merge [356.0] [356.3]
merge [357] [358]
cut [359] [65, 242]
color [359.1] [66, 79, 76, 255]
merge [359.2] [359.1]
merge [359.0] [359.3]
merge [360] [361]
cut [362] [110, 242]
color [362.1] [223, 214, 184, 255]
merge [362.2] [362.1]
merge [362.0] [362.3]
merge [363] [364]
cut [365] [132, 242]
color [365.1] [66, 79, 76, 255]
merge [365.2] [365.1]
merge [365.0] [365.3]
merge [366] [367]
cut [368] [175, 242]
color [368.1] [222, 212, 181, 255]
merge [368.2] [368.1]
merge [368.0] [368.3]
merge [369] [370]
cut [371] [195, 242]
color [371.1] [66, 79, 76, 255]
merge [371.2] [371.1]
merge [371.0] [371.3]
merge [372] [373]
cut [374] [205, 242]
color [374.1] [17, 17, 25, 255]
merge [374.2] [374.1]
merge [374.0] [374.3]
merge [375] [376]
cut [377] [216, 242]
color [377.1] [72, 73, 69, 255]
merge [377.2] [377.1]
merge [377.0] [377.3]
merge [378] [379]
cut [380] [227, 242]
color [380.1] [17, 17, 25, 255]
merge [380.2] [380.3]
merge [380.0] [380.1]
merge [381] [382]
cut [383] [240, 242]
color [383.1] [231, 220, 187, 255]
merge [383.2] [383.3]
merge [383.0] [383.1]
merge [384] [385]
cut [386] [253, 242]
color [386.1] [62, 71, 70, 255]
merge [386.2] [386.3]
merge [386.0] [386.1]
merge [387] [388]
cut [389] [279, 242]
color [389.1] [255, 255, 255, 255]
merge [389.2] [389.3]
merge [389.0] [389.1]
merge [390] [391]
cut [392] [309, 242]
color [392.1] [104, 111, 96, 255]
merge [392.2] [392.3]
merge [392.0] [392.1]
merge [393] [394]
cut [395] [334, 242]
color [395.1] [255, 255, 255, 255]
merge [395.2] [395.3]
merge [395.0] [395.1]
merge [396] [397]
cut [398] [90, 232]
color [398.1] [125, 146, 136, 255]
merge [398.2] [398.1]
merge [398.0] [398.3]
merge [399] [400]
cut [401] [100, 232]
color [401.1] [73, 117, 129, 255]
merge [401.2] [401.1]
merge [401.0] [401.3]
merge [402] [403]
cut [404] [110, 232]
color [404.1] [223, 214, 184, 255]
merge [404.2] [404.1]
merge [404.0] [404.3]
merge [405] [406]
cut [407] [122, 232]
color [407.1] [66, 79, 76, 255]
merge [407.2] [407.1]
merge [407.0] [407.3]
merge [408] [409]
cut [410] [154, 232]
color [410.1] [121, 125, 110, 255]
merge [410.2] [410.1]
merge [410.0] [410.3]
merge [411] [412]
cut [413] [165, 232]
color [413.1] [66, 79, 76, 255]
merge [413.2] [413.1]
merge [413.0] [413.3]
merge [414] [415]
cut [416] [175, 232]
color [416.1] [63, 68, 71, 255]
merge [416.2] [416.1]
merge [416.0] [416.3]
merge [417] [418]
cut [419] [185, 232]
color [419.1] [222, 212, 181, 255]
merge [419.2] [419.1]
merge [419.0] [419.3]
merge [420] [421]
cut [422] [195, 232]
color [422.1] [66, 79, 76, 255]
merge [422.2] [422.1]
merge [422.0] [422.3]
merge [423] [424]
cut [425] [205, 232]
color [425.1] [17, 17, 25, 255]
merge [425.2] [425.1]
merge [425.0] [425.3]
merge [426] [427]
cut [428] [216, 232]
color [428.1] [36, 40, 45, 255]
merge [428.2] [428.3]
merge [428.0] [428.1]
merge [429] [430]
cut [431] [227, 232]
color [431.1] [180, 178, 152, 255]
merge [431.2] [431.3]
merge [431.0] [431.1]
merge [432] [433]
cut [434] [240, 232]
color [434.1] [123, 121, 112, 255]
merge [434.2] [434.3]
merge [434.0] [434.1]
merge [435] [436]
cut [437] [253, 232]
color [437.1] [62, 71, 70, 255]
merge [437.2] [437.3]
merge [437.0] [437.1]
merge [438] [439]
cut [440] [266, 232]
color [440.1] [220, 218, 186, 255]
merge [440.2] [440.3]
merge [440.0] [440.1]
merge [441] [442]
cut [443] [279, 232]
color [443.1] [167, 171, 153, 255]
merge [443.2] [443.3]
merge [443.0] [443.1]
merge [444] [445]
cut [446] [289, 232]
color [446.1] [255, 255, 255, 255]
merge [446.2] [446.3]
merge [446.0] [446.1]
merge [447] [448]
cut [449] [321, 232]
color [449.1] [104, 111, 96, 255]
merge [449.2] [449.3]
merge [449.0] [449.1]
merge [450] [451]
cut [452] [358, 232]
color [452.1] [255, 255, 255, 255]
merge [452.2] [452.3]
merge [452.0] [452.1]
merge [453] [454]
cut [455] [42, 222]
color [455.1] [66, 79, 76, 255]
merge [455.2] [455.1]
merge [455.0] [455.3]
merge [456] [457]
cut [458] [77, 222]
color [458.1] [107, 121, 104, 255]
merge [458.2] [458.1]
merge [458.0] [458.3]
merge [459] [460]
cut [461] [90, 222]
color [461.1] [206, 207, 185, 255]
merge [461.2] [461.1]
merge [461.0] [461.3]
merge [462] [463]
cut [464] [100, 222]
color [464.1] [112, 126, 107, 255]
merge [464.2] [464.1]
merge [464.0] [464.3]
merge [465] [466]
cut [467] [110, 222]
color [467.1] [99, 127, 148, 255]
merge [467.2] [467.1]
merge [467.0] [467.3]
merge [468] [469]
cut [470] [122, 222]
color [470.1] [66, 79, 76, 255]
merge [470.2] [470.3]
merge [470.0] [470.1]
merge [471] [472]
cut [473] [154, 222]
color [473.1] [210, 192, 149, 255]
merge [473.2] [473.1]
merge [473.0] [473.3]
merge [474] [475]
cut [476] [165, 222]
color [476.1] [87, 98, 85, 255]
merge [476.2] [476.1]
merge [476.0] [476.3]
merge [477] [478]
cut [479] [175, 222]
color [479.1] [63, 68, 71, 255]
merge [479.2] [479.1]
merge [479.0] [479.3]
merge [480] [481]
cut [482] [195, 222]
color [482.1] [8, 8, 16, 255]
merge [482.2] [482.3]
merge [482.0] [482.1]
merge [483] [484]
cut [485] [205, 222]
color [485.1] [30, 31, 36, 255]
merge [485.2] [485.3]
merge [485.0] [485.1]
merge [486] [487]
cut [488] [216, 222]
color [488.1] [60, 62, 56, 255]
merge [488.2] [488.3]
merge [488.0] [488.1]
merge [489] [490]
cut [491] [227, 222]
color [491.1] [99, 118, 98, 255]
merge [491.2] [491.3]
merge [491.0] [491.1]
merge [492] [493]
cut [494] [240, 222]
color [494.1] [14, 14, 22, 255]
merge [494.2] [494.3]
merge [494.0] [494.1]
merge [495] [496]
cut [497] [253, 222]
color [497.1] [220, 218, 186, 255]
merge [497.2] [497.3]
merge [497.0] [497.1]
merge [498] [499]
cut [500] [279, 222]
color [500.1] [56, 57, 57, 255]
merge [500.2] [500.3]
merge [500.0] [500.1]
merge [501] [502]
cut [503] [299, 222]
color [503.1] [255, 255, 255, 255]
merge [503.2] [503.3]
merge [503.0] [503.1]
merge [504] [505]
cut [506] [334, 222]
color [506.1] [104, 111, 96, 255]
merge [506.2] [506.3]
merge [506.0] [506.1]
merge [507] [508]
cut [509] [358, 222]
color [509.1] [255, 255, 255, 255]
merge [509.2] [509.3]
merge [509.0] [509.1]
merge [510] [511]
cut [512] [65, 212]
color [512.1] [206, 207, 185, 255]
merge [512.2] [512.1]
merge [512.0] [512.3]
merge [513] [514]
cut [515] [110, 212]
color [515.1] [66, 79, 76, 255]
merge [515.2] [515.3]
merge [515.0] [515.1]
merge [516] [517]
cut [518] [143, 212]
color [518.1] [210, 208, 180, 255]
merge [518.2] [518.3]
merge [518.0] [518.1]
merge [519] [520]
cut [521] [185, 212]
color [521.1] [60, 62, 56, 255]
merge [521.2] [521.3]
merge [521.0] [521.1]
merge [522] [523]
cut [524] [227, 212]
color [524.1] [220, 218, 186, 255]
merge [524.2] [524.3]
merge [524.0] [524.1]
merge [525] [526]
cut [527] [266, 212]
color [527.1] [56, 57, 57, 255]
merge [527.2] [527.3]
merge [527.0] [527.1]
merge [528] [529]
cut [530] [309, 212]
color [530.1] [255, 255, 255, 255]
merge [530.2] [530.3]
merge [530.0] [530.1]
merge [531] [532]
cut [533] [334, 212]
color [533.1] [104, 111, 96, 255]
merge [533.2] [533.3]
merge [533.0] [533.1]
merge [534] [535]
cut [536] [358, 212]
color [536.1] [255, 255, 255, 255]
merge [536.2] [536.3]
merge [536.0] [536.1]
merge [537] [538]
cut [539] [100, 202]
color [539.1] [66, 79, 76, 255]
merge [539.2] [539.3]
merge [539.0] [539.1]
merge [540] [541]
cut [542] [143, 202]
color [542.1] [210, 208, 180, 255]
merge [542.2] [542.3]
merge [542.0] [542.1]
merge [543] [544]
cut [545] [185, 202]
color [545.1] [60, 62, 56, 255]
merge [545.2] [545.3]
merge [545.0] [545.1]
merge [546] [547]
cut [548] [227, 202]
color [548.1] [220, 218, 186, 255]
merge [548.2] [548.3]
merge [548.0] [548.1]
merge [549] [550]
cut [551] [266, 202]
color [551.1] [56, 57, 57, 255]
merge [551.2] [551.3]
merge [551.0] [551.1]
merge [552] [553]
cut [554] [309, 202]
color [554.1] [255, 255, 255, 255]
merge [554.2] [554.3]
merge [554.0] [554.1]
merge [555] [556]
cut [557] [42, 192]
color [557.1] [255, 255, 255, 255]
merge [557.2] [557.3]
merge [557.0] [557.1]
merge [558] [559]
cut [560] [65, 181]
color [560.1] [189, 143, 80, 255]
merge [560.2] [560.3]
merge [560.0] [560.1]
merge [561] [562]
cut [563] [334, 181]
color [563.1] [255, 255, 255, 255]
merge [563.2] [563.3]
merge [563.0] [563.1]
merge [564] [565]
cut [566] [65, 171]
color [566.1] [255, 255, 255, 255]
merge [566.2] [566.3]
merge [566.0] [566.1]
merge [567] [568]
cut [569] [132, 171]
color [569.1] [225, 172, 104, 255]
merge [569.2] [569.3]
merge [569.0] [569.1]
merge [570] [571]
cut [572] [143, 171]
color [572.1] [255, 255, 255, 255]
merge [572.2] [572.3]
merge [572.0] [572.1]
merge [573] [574]
cut [575] [195, 171]
color [575.1] [189, 143, 80, 255]
merge [575.2] [575.1]
merge [575.0] [575.3]
merge [576] [577]
cut [578] [205, 171]
color [578.1] [255, 255, 255, 255]
merge [578.2] [578.3]
merge [578.0] [578.1]
merge [579] [580]
cut [581] [253, 171]
color [581.1] [226, 173, 104, 255]
merge [581.2] [581.3]
merge [581.0] [581.1]
merge [582] [583]
cut [584] [266, 171]
color [584.1] [255, 255, 255, 255]
merge [584.2] [584.3]
merge [584.0] [584.1]
merge [585] [586]
cut [587] [122, 150]
color [587.1] [226, 173, 104, 255]
merge [587.2] [587.1]
merge [587.0] [587.3]
merge [588] [589]
cut [590] [132, 150]
color [590.1] [242, 221, 193, 255]
merge [590.2] [590.1]
merge [590.0] [590.3]
merge [591] [592]
cut [593] [143, 150]
color [593.1] [255, 255, 255, 255]
merge [593.2] [593.3]
merge [593.0] [593.1]
merge [594] [595]
cut [596] [195, 150]
color [596.1] [189, 143, 80, 255]
merge [596.2] [596.1]
merge [596.0] [596.3]
merge [597] [598]
cut [599] [205, 150]
color [599.1] [255, 255, 255, 255]
merge [599.2] [599.1]
merge [599.0] [599.3]
merge [600] [601]
cut [602] [132, 125]
color [602.1] [255, 255, 255, 255]
merge [602.2] [602.3]
merge [602.0] [602.1]
merge [603] [604]
cut [605] [195, 125]
color [605.1] [189, 143, 80, 255]
merge [605.2] [605.3]
merge [605.0] [605.1]
merge [606] [607]
cut [608] [205, 125]
color [608.1] [255, 255, 255, 255]
merge [608.2] [608.3]
merge [608.0] [608.1]
merge [609] [610]
cut [611] [266, 125]
color [611.1] [226, 173, 104, 255]
merge [611.2] [611.3]
merge [611.0] [611.1]
merge [612] [613]
cut [614] [279, 125]
color [614.1] [255, 255, 255, 255]
merge [614.2] [614.3]
merge [614.0] [614.1]
merge [615] [616]
cut [617] [110, 86]
color [617.1] [226, 173, 104, 255]
merge [617.2] [617.3]
merge [617.0] [617.1]
merge [618] [619]
cut [620] [122, 86]
color [620.1] [255, 255, 255, 255]
merge [620.2] [620.1]
merge [620.0] [620.3]
merge [621] [622]
cut [623] [195, 86]
color [623.1] [189, 143, 80, 255]
merge [623.2] [623.1]
merge [623.0] [623.3]
merge [624] [625]
cut [626] [205, 86]
color [626.1] [255, 255, 255, 255]
merge [626.2] [626.1]
merge [626.0] [626.3]
merge [627] [628]
cut [629] [100, 30]
color [629.1] [225, 173, 104, 255]
merge [629.2] [629.1]
merge [629.0] [629.3]
merge [630] [631]
cut [632] [110, 30]
color [632.1] [255, 255, 255, 255]
merge [632.2] [632.1]
merge [632.0] [632.3]
merge [633] [634]
cut [635] [195, 30]
color [635.1] [189, 143, 80, 255]
merge [635.2] [635.1]
merge [635.0] [635.3]
merge [636] [637]
cut [638] [205, 30]
color [638.1] [255, 255, 255, 255]
merge [638.2] [638.1]
merge [638.0] [638.3]
merge [639] [640]
cut [641] [195, 19]
color [641.1] [255, 255, 255, 255]
merge [641.2] [641.1]
merge [641.0] [641.3]
merge [642] [643]
#$28977
