color [0] [124, 116, 100, 255]
cut [0] [x] [356]
color [0.0] [139, 129, 111, 255]
merge [0.0] [0.1]
cut [1] [x] [311]
color [1.0] [124, 114, 98, 255]
merge [1.0] [1.1]
cut [2] [x] [270]
color [2.0] [98, 90, 78, 255]
merge [2.0] [2.1]
cut [3] [x] [222]
color [3.0] [85, 78, 68, 255]
merge [3.0] [3.1]
cut [4] [x] [176]
color [4.0] [110, 98, 85, 255]
merge [4.0] [4.1]
cut [5] [x] [139]
color [5.0] [141, 127, 108, 255]
merge [5.0] [5.1]
cut [6] [x] [100]
color [6.0] [183, 167, 141, 255]
merge [6.0] [6.1]
cut [7] [y] [46]
color [7.1] [175, 159, 128, 255]
merge [7.0] [7.1]
cut [8] [356, 46]
color [8.3] [190, 174, 141, 255]
merge [8.2] [8.1]
merge [8.0] [8.3]
merge [9] [10]
cut [11] [311, 46]
color [11.3] [189, 173, 145, 255]
merge [11.2] [11.1]
merge [11.0] [11.3]
merge [12] [13]
cut [14] [270, 46]
color [14.3] [159, 144, 123, 255]
merge [14.2] [14.1]
merge [14.0] [14.3]
merge [15] [16]
cut [17] [222, 46]
color [17.3] [72, 65, 61, 255]
merge [17.2] [17.1]
merge [17.0] [17.3]
merge [18] [19]
cut [20] [176, 46]
color [20.3] [162, 148, 127, 255]
merge [20.2] [20.1]
merge [20.0] [20.3]
merge [21] [22]
cut [23] [139, 46]
color [23.3] [198, 183, 151, 255]
merge [23.2] [23.1]
merge [23.0] [23.3]
merge [24] [25]
cut [26] [100, 46]
color [26.3] [222, 204, 169, 255]
merge [26.2] [26.1]
merge [26.0] [26.3]
merge [27] [28]
cut [29] [y] [83]
color [29.1] [199, 179, 138, 255]
merge [29.0] [29.1]
cut [30] [356, 83]
color [30.3] [210, 192, 149, 255]
merge [30.2] [30.1]
merge [30.0] [30.3]
merge [31] [32]
cut [33] [311, 83]
color [33.3] [218, 199, 156, 255]
merge [33.2] [33.1]
merge [33.0] [33.3]
merge [34] [35]
cut [36] [222, 83]
color [36.3] [32, 27, 24, 255]
merge [36.2] [36.1]
merge [36.0] [36.3]
merge [37] [38]
cut [39] [176, 83]
color [39.3] [220, 200, 158, 255]
merge [39.2] [39.1]
merge [39.0] [39.3]
merge [40] [41]
cut [42] [100, 83]
color [42.3] [215, 195, 154, 255]
merge [42.2] [42.1]
merge [42.0] [42.3]
merge [43] [44]
cut [45] [y] [150]
color [45.1] [207, 188, 150, 255]
merge [45.0] [45.1]
cut [46] [356, 150]
color [46.3] [212, 195, 158, 255]
merge [46.2] [46.1]
merge [46.0] [46.3]
merge [47] [48]
cut [49] [311, 150]
color [49.3] [202, 182, 144, 255]
merge [49.2] [49.1]
merge [49.0] [49.3]
merge [50] [51]
cut [52] [270, 150]
color [52.3] [41, 35, 30, 255]
merge [52.2] [52.1]
merge [52.0] [52.3]
merge [53] [54]
cut [55] [222, 150]
color [55.3] [18, 15, 18, 255]
merge [55.2] [55.1]
merge [55.0] [55.3]
merge [56] [57]
cut [58] [176, 150]
color [58.3] [78, 71, 62, 255]
merge [58.2] [58.1]
merge [58.0] [58.3]
merge [59] [60]
cut [61] [139, 150]
color [61.3] [196, 180, 147, 255]
merge [61.2] [61.3]
merge [61.0] [61.1]
merge [62] [63]
cut [64] [100, 150]
color [64.3] [197, 175, 134, 255]
merge [64.2] [64.3]
merge [64.0] [64.1]
merge [65] [66]
cut [67] [y] [187]
color [67.1] [176, 155, 119, 255]
merge [67.0] [67.1]
cut [68] [356, 187]
color [68.3] [173, 150, 113, 255]
merge [68.2] [68.3]
merge [68.0] [68.1]
merge [69] [70]
cut [71] [311, 187]
color [71.3] [170, 147, 108, 255]
merge [71.2] [71.1]
merge [71.0] [71.3]
merge [72] [73]
cut [74] [222, 187]
color [74.3] [12, 11, 12, 255]
merge [74.2] [74.1]
merge [74.0] [74.3]
merge [75] [76]
cut [77] [176, 187]
color [77.3] [180, 159, 122, 255]
merge [77.2] [77.3]
merge [77.0] [77.1]
merge [78] [79]
cut [80] [139, 187]
color [80.3] [184, 161, 125, 255]
merge [80.2] [80.3]
merge [80.0] [80.1]
merge [81] [82]
cut [83] [100, 187]
color [83.3] [187, 166, 128, 255]
merge [83.2] [83.3]
merge [83.0] [83.1]
merge [84] [85]
cut [86] [y] [249]
color [86.1] [170, 151, 116, 255]
merge [86.0] [86.1]
cut [87] [222, 249]
color [87.3] [168, 147, 110, 255]
merge [87.2] [87.3]
merge [87.0] [87.1]
merge [88] [89]
cut [90] [176, 249]
color [90.3] [173, 152, 116, 255]
merge [90.2] [90.3]
merge [90.0] [90.1]
merge [91] [92]
cut [93] [y] [317]
color [93.1] [116, 99, 73, 255]
merge [93.0] [93.1]
cut [94] [356, 317]
color [94.3] [136, 117, 86, 255]
merge [94.2] [94.3]
merge [94.0] [94.1]
merge [95] [96]
cut [97] [311, 317]
color [97.3] [149, 129, 95, 255]
merge [97.2] [97.3]
merge [97.0] [97.1]
merge [98] [99]
cut [100] [270, 317]
color [100.3] [157, 136, 100, 255]
merge [100.2] [100.1]
merge [100.0] [100.3]
merge [101] [102]
cut [103] [222, 317]
color [103.3] [166, 144, 107, 255]
merge [103.2] [103.1]
merge [103.0] [103.3]
merge [104] [105]
cut [106] [176, 317]
color [106.3] [172, 149, 112, 255]
merge [106.2] [106.1]
merge [106.0] [106.3]
merge [107] [108]
cut [109] [100, 317]
color [109.3] [152, 130, 95, 255]
merge [109.2] [109.3]
merge [109.0] [109.1]
merge [110] [111]
cut [112] [y] [355]
color [112.1] [80, 69, 52, 255]
merge [112.0] [112.1]
cut [113] [356, 355]
color [113.3] [103, 88, 67, 255]
merge [113.2] [113.3]
merge [113.0] [113.1]
merge [114] [115]
cut [116] [311, 355]
color [116.3] [119, 101, 75, 255]
merge [116.2] [116.1]
merge [116.0] [116.3]
merge [117] [118]
cut [119] [270, 355]
color [119.3] [133, 114, 84, 255]
merge [119.2] [119.1]
merge [119.0] [119.3]
merge [120] [121]
cut [122] [222, 355]
color [122.3] [152, 130, 95, 255]
merge [122.2] [122.1]
merge [122.0] [122.3]
merge [123] [124]
#$20259
