color [0] [46, 94, 67, 255]
cut [0] [x] [351]
color [0.0] [34, 72, 52, 255]
merge [0.0] [0.1]
cut [1] [x] [331]
color [1.0] [23, 47, 32, 255]
merge [1.0] [1.1]
cut [2] [x] [255]
color [2.0] [38, 76, 51, 255]
merge [2.0] [2.1]
cut [3] [x] [237]
color [3.0] [41, 86, 57, 255]
merge [3.0] [3.1]
cut [4] [x] [197]
color [4.0] [24, 47, 31, 255]
merge [4.0] [4.1]
cut [5] [x] [177]
color [5.0] [13, 29, 19, 255]
merge [5.0] [5.1]
cut [6] [x] [123]
color [6.0] [9, 27, 16, 255]
merge [6.0] [6.1]
cut [7] [351, 380]
color [7.0] [46, 94, 67, 255]
merge [7.2] [7.1]
merge [7.0] [7.3]
merge [8] [9]
cut [10] [331, 380]
color [10.0] [23, 47, 32, 255]
merge [10.2] [10.1]
merge [10.0] [10.3]
merge [11] [12]
cut [13] [255, 380]
color [13.0] [38, 76, 51, 255]
merge [13.2] [13.1]
merge [13.0] [13.3]
merge [14] [15]
cut [16] [237, 380]
color [16.0] [41, 86, 57, 255]
merge [16.2] [16.1]
merge [16.0] [16.3]
merge [17] [18]
cut [19] [197, 380]
color [19.0] [131, 61, 36, 255]
merge [19.2] [19.1]
merge [19.0] [19.3]
merge [20] [21]
cut [22] [177, 380]
color [22.0] [133, 48, 12, 255]
merge [22.2] [22.1]
merge [22.0] [22.3]
merge [23] [24]
cut [25] [141, 380]
color [25.0] [112, 23, 3, 255]
merge [25.2] [25.1]
merge [25.0] [25.3]
merge [26] [27]
cut [28] [105, 380]
color [28.0] [94, 8, 2, 255]
merge [28.2] [28.1]
merge [28.0] [28.3]
merge [29] [30]
cut [31] [87, 380]
color [31.0] [80, 17, 6, 255]
merge [31.2] [31.1]
merge [31.0] [31.3]
merge [32] [33]
cut [34] [69, 380]
color [34.0] [9, 27, 16, 255]
merge [34.2] [34.1]
merge [34.0] [34.3]
merge [35] [36]
cut [37] [51, 380]
color [37.0] [18, 63, 35, 255]
merge [37.2] [37.1]
merge [37.0] [37.3]
merge [38] [39]
cut [40] [y] [347]
color [40.0] [60, 129, 87, 255]
merge [40.0] [40.1]
cut [41] [351, 347]
color [41.0] [46, 94, 67, 255]
merge [41.2] [41.1]
merge [41.0] [41.3]
merge [42] [43]
cut [44] [331, 347]
color [44.0] [23, 47, 32, 255]
merge [44.2] [44.1]
merge [44.0] [44.3]
merge [45] [46]
cut [47] [255, 347]
color [47.0] [45, 104, 69, 255]
merge [47.2] [47.1]
merge [47.0] [47.3]
merge [48] [49]
cut [50] [237, 347]
color [50.0] [91, 112, 70, 255]
merge [50.2] [50.1]
merge [50.0] [50.3]
merge [51] [52]
cut [53] [215, 347]
color [53.0] [162, 84, 46, 255]
merge [53.2] [53.1]
merge [53.0] [53.3]
merge [54] [55]
cut [56] [197, 347]
color [56.0] [13, 1, 1, 255]
merge [56.2] [56.1]
merge [56.0] [56.3]
merge [57] [58]
cut [59] [69, 347]
color [59.0] [84, 2, 1, 255]
merge [59.2] [59.1]
merge [59.0] [59.3]
merge [60] [61]
cut [62] [51, 347]
color [62.0] [18, 63, 35, 255]
merge [62.2] [62.3]
merge [62.0] [62.1]
merge [63] [64]
cut [65] [351, 302]
color [65.0] [33, 82, 51, 255]
merge [65.2] [65.1]
merge [65.0] [65.3]
merge [66] [67]
cut [68] [331, 302]
color [68.0] [23, 47, 32, 255]
merge [68.2] [68.1]
merge [68.0] [68.3]
merge [69] [70]
cut [71] [255, 302]
color [71.0] [45, 104, 69, 255]
merge [71.2] [71.1]
merge [71.0] [71.3]
merge [72] [73]
cut [74] [237, 302]
color [74.0] [159, 85, 51, 255]
merge [74.2] [74.1]
merge [74.0] [74.3]
merge [75] [76]
cut [77] [215, 302]
color [77.0] [13, 1, 1, 255]
merge [77.2] [77.1]
merge [77.0] [77.3]
merge [78] [79]
cut [80] [177, 302]
color [80.0] [59, 33, 27, 255]
merge [80.2] [80.1]
merge [80.0] [80.3]
merge [81] [82]
cut [83] [159, 302]
color [83.0] [40, 15, 13, 255]
merge [83.2] [83.1]
merge [83.0] [83.3]
merge [84] [85]
cut [86] [141, 302]
color [86.0] [13, 1, 1, 255]
merge [86.2] [86.1]
merge [86.0] [86.3]
merge [87] [88]
cut [89] [32, 302]
color [89.0] [18, 63, 35, 255]
merge [89.2] [89.3]
merge [89.0] [89.1]
merge [90] [91]
cut [92] [y] [281]
color [92.0] [38, 90, 57, 255]
merge [92.0] [92.1]
cut [93] [351, 281]
color [93.0] [23, 47, 32, 255]
merge [93.2] [93.1]
merge [93.0] [93.3]
merge [94] [95]
cut [96] [255, 281]
color [96.0] [39, 81, 51, 255]
merge [96.2] [96.1]
merge [96.0] [96.3]
merge [97] [98]
cut [99] [237, 281]
color [99.0] [141, 71, 41, 255]
merge [99.2] [99.1]
merge [99.0] [99.3]
merge [100] [101]
cut [102] [215, 281]
color [102.0] [39, 22, 18, 255]
merge [102.2] [102.1]
merge [102.0] [102.3]
merge [103] [104]
cut [105] [197, 281]
color [105.0] [54, 28, 21, 255]
merge [105.2] [105.1]
merge [105.0] [105.3]
merge [106] [107]
cut [108] [177, 281]
color [108.0] [167, 119, 98, 255]
merge [108.2] [108.1]
merge [108.0] [108.3]
merge [109] [110]
cut [111] [159, 281]
color [111.0] [154, 111, 89, 255]
merge [111.2] [111.1]
merge [111.0] [111.3]
merge [112] [113]
cut [114] [141, 281]
color [114.0] [110, 66, 45, 255]
merge [114.2] [114.1]
merge [114.0] [114.3]
merge [115] [116]
cut [117] [123, 281]
color [117.0] [59, 31, 23, 255]
merge [117.2] [117.3]
merge [117.0] [117.1]
merge [118] [119]
cut [120] [105, 281]
color [120.0] [13, 1, 1, 255]
merge [120.2] [120.3]
merge [120.0] [120.1]
merge [121] [122]
cut [123] [32, 281]
color [123.0] [18, 63, 35, 255]
merge [123.2] [123.3]
merge [123.0] [123.1]
merge [124] [125]
cut [126] [y] [262]
color [126.0] [23, 47, 32, 255]
merge [126.0] [126.1]
cut [127] [255, 262]
color [127.0] [157, 87, 52, 255]
merge [127.2] [127.1]
merge [127.0] [127.3]
merge [128] [129]
cut [130] [237, 262]
color [130.0] [44, 16, 10, 255]
merge [130.2] [130.1]
merge [130.0] [130.3]
merge [131] [132]
cut [133] [215, 262]
color [133.0] [63, 30, 19, 255]
merge [133.2] [133.1]
merge [133.0] [133.3]
merge [134] [135]
cut [136] [197, 262]
color [136.0] [205, 149, 117, 255]
merge [136.2] [136.1]
merge [136.0] [136.3]
merge [137] [138]
cut [139] [159, 262]
color [139.0] [177, 125, 98, 255]
merge [139.2] [139.1]
merge [139.0] [139.3]
merge [140] [141]
cut [142] [141, 262]
color [142.0] [144, 94, 67, 255]
merge [142.2] [142.3]
merge [142.0] [142.1]
merge [143] [144]
cut [145] [123, 262]
color [145.0] [108, 56, 33, 255]
merge [145.2] [145.3]
merge [145.0] [145.1]
merge [146] [147]
cut [148] [105, 262]
color [148.0] [72, 25, 10, 255]
merge [148.2] [148.3]
merge [148.0] [148.1]
merge [149] [150]
cut [151] [87, 262]
color [151.0] [13, 1, 1, 255]
merge [151.2] [151.3]
merge [151.0] [151.1]
merge [152] [153]
cut [154] [255, 239]
color [154.0] [143, 70, 41, 255]
merge [154.2] [154.1]
merge [154.0] [154.3]
merge [155] [156]
cut [157] [237, 239]
color [157.0] [20, 1, 1, 255]
merge [157.2] [157.1]
merge [157.0] [157.3]
merge [158] [159]
cut [160] [215, 239]
color [160.0] [106, 67, 51, 255]
merge [160.2] [160.1]
merge [160.0] [160.3]
merge [161] [162]
cut [163] [197, 239]
color [163.0] [205, 149, 117, 255]
merge [163.2] [163.1]
merge [163.0] [163.3]
merge [164] [165]
cut [166] [159, 239]
color [166.0] [121, 79, 59, 255]
merge [166.2] [166.3]
merge [166.0] [166.1]
merge [167] [168]
cut [169] [141, 239]
color [169.0] [84, 45, 31, 255]
merge [169.2] [169.3]
merge [169.0] [169.1]
merge [170] [171]
cut [172] [105, 239]
color [172.0] [109, 52, 26, 255]
merge [172.2] [172.3]
merge [172.0] [172.1]
merge [173] [174]
cut [175] [87, 239]
color [175.0] [13, 1, 1, 255]
merge [175.2] [175.3]
merge [175.0] [175.1]
merge [176] [177]
cut [178] [255, 221]
color [178.0] [120, 42, 24, 255]
merge [178.2] [178.1]
merge [178.0] [178.3]
merge [179] [180]
cut [181] [237, 221]
color [181.0] [20, 1, 1, 255]
merge [181.2] [181.1]
merge [181.0] [181.3]
merge [182] [183]
cut [184] [215, 221]
color [184.0] [177, 128, 105, 255]
merge [184.2] [184.1]
merge [184.0] [184.3]
merge [185] [186]
cut [187] [197, 221]
color [187.0] [205, 149, 117, 255]
merge [187.2] [187.3]
merge [187.0] [187.1]
merge [188] [189]
cut [190] [159, 221]
color [190.0] [136, 79, 49, 255]
merge [190.2] [190.3]
merge [190.0] [190.1]
merge [191] [192]
cut [193] [141, 221]
color [193.0] [176, 121, 97, 255]
merge [193.2] [193.3]
merge [193.0] [193.1]
merge [194] [195]
cut [196] [105, 221]
color [196.0] [141, 86, 59, 255]
merge [196.2] [196.3]
merge [196.0] [196.1]
merge [197] [198]
cut [199] [87, 221]
color [199.0] [13, 1, 1, 255]
merge [199.2] [199.3]
merge [199.0] [199.1]
merge [200] [201]
cut [202] [237, 163]
color [202.0] [95, 10, 4, 255]
merge [202.2] [202.3]
merge [202.0] [202.1]
merge [203] [204]
cut [205] [215, 163]
color [205.0] [42, 1, 1, 255]
merge [205.2] [205.1]
merge [205.0] [205.3]
merge [206] [207]
cut [208] [197, 163]
color [208.0] [198, 145, 115, 255]
merge [208.2] [208.1]
merge [208.0] [208.3]
merge [209] [210]
cut [211] [177, 163]
color [211.0] [216, 160, 131, 255]
merge [211.2] [211.3]
merge [211.0] [211.1]
merge [212] [213]
cut [214] [159, 163]
color [214.0] [169, 116, 93, 255]
merge [214.2] [214.3]
merge [214.0] [214.1]
merge [215] [216]
cut [217] [123, 163]
color [217.0] [125, 73, 52, 255]
merge [217.2] [217.3]
merge [217.0] [217.1]
merge [218] [219]
cut [220] [105, 163]
color [220.0] [100, 40, 21, 255]
merge [220.2] [220.3]
merge [220.0] [220.1]
merge [221] [222]
cut [223] [87, 163]
color [223.0] [13, 1, 1, 255]
merge [223.2] [223.3]
merge [223.0] [223.1]
merge [224] [225]
cut [226] [51, 163]
color [226.0] [95, 10, 4, 255]
merge [226.2] [226.3]
merge [226.0] [226.1]
merge [227] [228]
cut [229] [215, 143]
color [229.0] [95, 10, 4, 255]
merge [229.2] [229.3]
merge [229.0] [229.1]
merge [230] [231]
cut [232] [177, 143]
color [232.0] [184, 128, 107, 255]
merge [232.2] [232.3]
merge [232.0] [232.1]
merge [233] [234]
cut [235] [159, 143]
color [235.0] [169, 116, 93, 255]
merge [235.2] [235.3]
merge [235.0] [235.1]
merge [236] [237]
cut [238] [141, 143]
color [238.0] [135, 84, 61, 255]
merge [238.2] [238.3]
merge [238.0] [238.1]
merge [239] [240]
cut [241] [123, 143]
color [241.0] [125, 73, 52, 255]
merge [241.2] [241.3]
merge [241.0] [241.1]
merge [242] [243]
cut [244] [105, 143]
color [244.0] [100, 40, 21, 255]
merge [244.2] [244.3]
merge [244.0] [244.1]
merge [245] [246]
cut [247] [87, 143]
color [247.0] [95, 10, 4, 255]
merge [247.2] [247.3]
merge [247.0] [247.1]
merge [248] [249]
cut [250] [255, 125]
color [250.0] [144, 59, 40, 255]
merge [250.2] [250.3]
merge [250.0] [250.1]
merge [251] [252]
cut [253] [237, 125]
color [253.0] [95, 10, 4, 255]
merge [253.2] [253.3]
merge [253.0] [253.1]
merge [254] [255]
cut [256] [177, 125]
color [256.0] [145, 106, 86, 255]
merge [256.2] [256.3]
merge [256.0] [256.1]
merge [257] [258]
cut [259] [159, 125]
color [259.0] [169, 116, 93, 255]
merge [259.2] [259.3]
merge [259.0] [259.1]
merge [260] [261]
cut [262] [141, 125]
color [262.0] [135, 84, 61, 255]
merge [262.2] [262.3]
merge [262.0] [262.1]
merge [263] [264]
cut [265] [123, 125]
color [265.0] [82, 22, 10, 255]
merge [265.2] [265.3]
merge [265.0] [265.1]
merge [266] [267]
cut [268] [105, 125]
color [268.0] [138, 51, 34, 255]
merge [268.2] [268.3]
merge [268.0] [268.1]
merge [269] [270]
cut [271] [87, 125]
color [271.0] [95, 10, 4, 255]
merge [271.2] [271.3]
merge [271.0] [271.1]
merge [272] [273]
cut [274] [255, 104]
color [274.0] [113, 65, 40, 255]
merge [274.2] [274.3]
merge [274.0] [274.1]
merge [275] [276]
cut [277] [237, 104]
color [277.0] [95, 10, 4, 255]
merge [277.2] [277.3]
merge [277.0] [277.1]
merge [278] [279]
cut [280] [177, 104]
color [280.0] [30, 0, 0, 255]
merge [280.2] [280.1]
merge [280.0] [280.3]
merge [281] [282]
cut [283] [159, 104]
color [283.0] [68, 5, 3, 255]
merge [283.2] [283.1]
merge [283.0] [283.3]
merge [284] [285]
cut [286] [141, 104]
color [286.0] [98, 12, 6, 255]
merge [286.2] [286.3]
merge [286.0] [286.1]
merge [287] [288]
cut [289] [123, 104]
color [289.0] [136, 49, 33, 255]
merge [289.2] [289.3]
merge [289.0] [289.1]
merge [290] [291]
cut [292] [105, 104]
color [292.0] [95, 10, 4, 255]
merge [292.2] [292.3]
merge [292.0] [292.1]
merge [293] [294]
cut [295] [351, 86]
color [295.0] [25, 67, 40, 255]
merge [295.2] [295.3]
merge [295.0] [295.1]
merge [296] [297]
cut [298] [237, 86]
color [298.0] [95, 10, 4, 255]
merge [298.2] [298.1]
merge [298.0] [298.3]
merge [299] [300]
cut [301] [y] [68]
color [301.0] [48, 103, 63, 255]
merge [301.0] [301.1]
cut [302] [237, 68]
color [302.0] [95, 10, 4, 255]
merge [302.2] [302.1]
merge [302.0] [302.3]
merge [303] [304]
cut [305] [237, 50]
color [305.0] [102, 44, 51, 255]
merge [305.2] [305.1]
merge [305.0] [305.3]
merge [306] [307]
cut [308] [215, 50]
color [308.0] [95, 10, 4, 255]
merge [308.2] [308.1]
merge [308.0] [308.3]
merge [309] [310]
cut [311] [237, 32]
color [311.0] [48, 103, 63, 255]
merge [311.2] [311.1]
merge [311.0] [311.3]
merge [312] [313]
cut [314] [215, 32]
color [314.0] [134, 61, 47, 255]
merge [314.2] [314.1]
merge [314.0] [314.3]
merge [315] [316]
cut [317] [197, 32]
color [317.0] [95, 10, 4, 255]
merge [317.2] [317.1]
merge [317.0] [317.3]
merge [318] [319]
#$26765
