merge [0] [1]
merge [100] [2]
merge [101] [3]
merge [102] [4]
merge [103] [5]
merge [104] [6]
merge [105] [7]
merge [106] [8]
merge [107] [9]
merge [10] [11]
merge [109] [12]
merge [110] [13]
merge [111] [14]
merge [112] [15]
merge [113] [16]
merge [114] [17]
merge [115] [18]
merge [116] [19]
merge [20] [21]
merge [118] [22]
merge [119] [23]
merge [120] [24]
merge [121] [25]
merge [122] [26]
merge [123] [27]
merge [124] [28]
merge [125] [29]
merge [30] [31]
merge [127] [32]
merge [128] [33]
merge [129] [34]
merge [130] [35]
merge [131] [36]
merge [132] [37]
merge [133] [38]
merge [134] [39]
merge [40] [41]
merge [136] [42]
merge [137] [43]
merge [138] [44]
merge [139] [45]
merge [140] [46]
merge [141] [47]
merge [142] [48]
merge [143] [49]
merge [50] [51]
merge [145] [52]
merge [146] [53]
merge [147] [54]
merge [148] [55]
merge [149] [56]
merge [150] [57]
merge [151] [58]
merge [152] [59]
merge [60] [61]
merge [154] [62]
merge [155] [63]
merge [156] [64]
merge [157] [65]
merge [158] [66]
merge [159] [67]
merge [160] [68]
merge [161] [69]
merge [70] [71]
merge [163] [72]
merge [164] [73]
merge [165] [74]
merge [166] [75]
merge [167] [76]
merge [168] [77]
merge [169] [78]
merge [170] [79]
merge [80] [81]
merge [172] [82]
merge [173] [83]
merge [174] [84]
merge [175] [85]
merge [176] [86]
merge [177] [87]
merge [178] [88]
merge [179] [89]
merge [90] [91]
merge [181] [92]
merge [182] [93]
merge [183] [94]
merge [184] [95]
merge [185] [96]
merge [186] [97]
merge [187] [98]
merge [188] [99]
merge [189] [180]
merge [190] [171]
merge [191] [162]
merge [192] [153]
merge [193] [144]
merge [194] [135]
merge [195] [126]
merge [196] [117]
merge [197] [108]
#$2858
#@199
color [198] [255, 255, 255, 255]
cut [198] [349, 135]
color [198.3] [10, 10, 10, 255]
merge [198.2] [198.1]
merge [198.0] [198.3]
merge [199] [200]
cut [201] [342, 135]
color [201.3] [128, 128, 128, 255]
merge [201.2] [201.1]
merge [201.0] [201.3]
merge [202] [203]
cut [204] [335, 135]
color [204.3] [255, 255, 255, 255]
merge [204.2] [204.1]
merge [204.0] [204.3]
merge [205] [206]
cut [207] [325, 135]
color [207.3] [126, 126, 126, 255]
merge [207.2] [207.1]
merge [207.0] [207.3]
merge [208] [209]
cut [210] [318, 135]
color [210.3] [55, 55, 55, 255]
merge [210.2] [210.1]
merge [210.0] [210.3]
merge [211] [212]
cut [213] [306, 135]
color [213.3] [127, 127, 127, 255]
merge [213.2] [213.1]
merge [213.0] [213.3]
merge [214] [215]
cut [216] [299, 135]
color [216.3] [255, 255, 255, 255]
merge [216.2] [216.1]
merge [216.0] [216.3]
merge [217] [218]
cut [219] [292, 135]
color [219.3] [123, 123, 123, 255]
merge [219.2] [219.1]
merge [219.0] [219.3]
merge [220] [221]
cut [222] [285, 135]
color [222.3] [156, 156, 156, 255]
merge [222.2] [222.1]
merge [222.0] [222.3]
merge [223] [224]
cut [225] [276, 135]
color [225.3] [19, 19, 19, 255]
merge [225.2] [225.1]
merge [225.0] [225.3]
merge [226] [227]
cut [228] [269, 135]
color [228.3] [116, 116, 116, 255]
merge [228.2] [228.1]
merge [228.0] [228.3]
merge [229] [230]
cut [231] [262, 135]
color [231.3] [145, 145, 145, 255]
merge [231.2] [231.1]
merge [231.0] [231.3]
merge [232] [233]
cut [234] [253, 135]
color [234.3] [255, 255, 255, 255]
merge [234.2] [234.1]
merge [234.0] [234.3]
merge [235] [236]
cut [237] [234, 135]
color [237.3] [106, 106, 106, 255]
merge [237.2] [237.1]
merge [237.0] [237.3]
merge [238] [239]
cut [240] [227, 135]
color [240.3] [255, 255, 255, 255]
merge [240.2] [240.1]
merge [240.0] [240.3]
merge [241] [242]
cut [243] [198, 135]
color [243.3] [137, 137, 137, 255]
merge [243.2] [243.1]
merge [243.0] [243.3]
merge [244] [245]
cut [246] [191, 135]
color [246.3] [0, 0, 0, 255]
merge [246.2] [246.1]
merge [246.0] [246.3]
merge [247] [248]
cut [249] [154, 135]
color [249.3] [255, 255, 255, 255]
merge [249.2] [249.1]
merge [249.0] [249.3]
merge [250] [251]
cut [252] [107, 135]
color [252.3] [0, 0, 0, 255]
merge [252.2] [252.3]
merge [252.0] [252.1]
merge [253] [254]
cut [255] [77, 135]
color [255.3] [255, 255, 255, 255]
merge [255.2] [255.3]
merge [255.0] [255.1]
merge [256] [257]
cut [258] [349, 145]
color [258.3] [255, 255, 255, 255]
merge [258.2] [258.1]
merge [258.0] [258.3]
merge [259] [260]
cut [261] [292, 145]
color [261.3] [123, 123, 123, 255]
merge [261.2] [261.1]
merge [261.0] [261.3]
merge [262] [263]
cut [264] [285, 145]
color [264.3] [255, 255, 255, 255]
merge [264.2] [264.1]
merge [264.0] [264.3]
merge [265] [266]
cut [267] [276, 145]
color [267.3] [188, 188, 188, 255]
merge [267.2] [267.1]
merge [267.0] [267.3]
merge [268] [269]
cut [270] [269, 145]
color [270.3] [255, 255, 255, 255]
merge [270.2] [270.1]
merge [270.0] [270.3]
merge [271] [272]
cut [273] [198, 145]
color [273.3] [1, 1, 1, 255]
merge [273.2] [273.1]
merge [273.0] [273.3]
merge [274] [275]
cut [276] [191, 145]
color [276.3] [255, 255, 255, 255]
merge [276.2] [276.1]
merge [276.0] [276.3]
merge [277] [278]
cut [279] [171, 145]
color [279.3] [0, 0, 0, 255]
merge [279.2] [279.1]
merge [279.0] [279.3]
merge [280] [281]
cut [282] [141, 145]
color [282.3] [255, 255, 255, 255]
merge [282.2] [282.3]
merge [282.0] [282.1]
merge [283] [284]
cut [285] [114, 145]
color [285.3] [0, 0, 0, 255]
merge [285.2] [285.3]
merge [285.0] [285.1]
merge [286] [287]
cut [288] [91, 145]
color [288.3] [46, 47, 46, 255]
merge [288.2] [288.3]
merge [288.0] [288.1]
merge [289] [290]
cut [291] [84, 145]
color [291.3] [255, 255, 255, 255]
merge [291.2] [291.3]
merge [291.0] [291.1]
merge [292] [293]
cut [294] [292, 154]
color [294.3] [255, 255, 255, 255]
merge [294.2] [294.1]
merge [294.0] [294.3]
merge [295] [296]
cut [297] [198, 154]
color [297.3] [1, 1, 1, 255]
merge [297.2] [297.1]
merge [297.0] [297.3]
merge [298] [299]
cut [300] [191, 154]
color [300.3] [255, 255, 255, 255]
merge [300.2] [300.1]
merge [300.0] [300.3]
merge [301] [302]
cut [303] [161, 154]
color [303.3] [0, 0, 0, 255]
merge [303.2] [303.3]
merge [303.0] [303.1]
merge [304] [305]
cut [306] [141, 154]
color [306.3] [202, 202, 202, 255]
merge [306.2] [306.3]
merge [306.0] [306.1]
merge [307] [308]
cut [309] [134, 154]
color [309.3] [255, 255, 255, 255]
merge [309.2] [309.3]
merge [309.0] [309.1]
merge [310] [311]
cut [312] [114, 154]
color [312.3] [0, 0, 0, 255]
merge [312.2] [312.3]
merge [312.0] [312.1]
merge [313] [314]
cut [315] [91, 154]
color [315.3] [255, 255, 255, 255]
merge [315.2] [315.3]
merge [315.0] [315.1]
merge [316] [317]
cut [318] [342, 161]
color [318.3] [1, 1, 1, 255]
merge [318.2] [318.1]
merge [318.0] [318.3]
merge [319] [320]
cut [321] [285, 161]
color [321.3] [255, 255, 255, 255]
merge [321.2] [321.1]
merge [321.0] [321.3]
merge [322] [323]
cut [324] [276, 161]
color [324.3] [2, 2, 2, 255]
merge [324.2] [324.1]
merge [324.0] [324.3]
merge [325] [326]
cut [327] [262, 161]
color [327.3] [255, 255, 255, 255]
merge [327.2] [327.1]
merge [327.0] [327.3]
merge [328] [329]
cut [330] [253, 161]
color [330.3] [0, 0, 0, 255]
merge [330.2] [330.1]
merge [330.0] [330.3]
merge [331] [332]
cut [333] [227, 161]
color [333.3] [255, 255, 255, 255]
merge [333.2] [333.1]
merge [333.0] [333.3]
merge [334] [335]
cut [336] [198, 161]
color [336.3] [109, 109, 109, 255]
merge [336.2] [336.1]
merge [336.0] [336.3]
merge [337] [338]
cut [339] [191, 161]
color [339.3] [255, 255, 255, 255]
merge [339.2] [339.1]
merge [339.0] [339.3]
merge [340] [341]
cut [342] [161, 161]
color [342.3] [0, 0, 0, 255]
merge [342.2] [342.3]
merge [342.0] [342.1]
merge [343] [344]
cut [345] [141, 161]
color [345.3] [27, 28, 27, 255]
merge [345.2] [345.3]
merge [345.0] [345.1]
merge [346] [347]
cut [348] [134, 161]
color [348.3] [255, 255, 255, 255]
merge [348.2] [348.3]
merge [348.0] [348.1]
merge [349] [350]
cut [351] [124, 161]
color [351.3] [172, 172, 172, 255]
merge [351.2] [351.3]
merge [351.0] [351.1]
merge [352] [353]
cut [354] [114, 161]
color [354.3] [0, 0, 0, 255]
merge [354.2] [354.3]
merge [354.0] [354.1]
merge [355] [356]
cut [357] [91, 161]
color [357.3] [255, 255, 255, 255]
merge [357.2] [357.3]
merge [357.0] [357.1]
merge [358] [359]
cut [360] [342, 168]
color [360.3] [255, 255, 255, 255]
merge [360.2] [360.1]
merge [360.0] [360.3]
merge [361] [362]
cut [363] [325, 168]
color [363.3] [115, 115, 115, 255]
merge [363.2] [363.1]
merge [363.0] [363.3]
merge [364] [365]
cut [366] [318, 168]
color [366.3] [254, 254, 254, 255]
merge [366.2] [366.1]
merge [366.0] [366.3]
merge [367] [368]
cut [369] [292, 168]
color [369.3] [1, 1, 1, 255]
merge [369.2] [369.1]
merge [369.0] [369.3]
merge [370] [371]
cut [372] [276, 168]
color [372.3] [254, 254, 254, 255]
merge [372.2] [372.1]
merge [372.0] [372.3]
merge [373] [374]
cut [375] [269, 168]
color [375.3] [232, 232, 232, 255]
merge [375.2] [375.1]
merge [375.0] [375.3]
merge [376] [377]
cut [378] [262, 168]
color [378.3] [3, 3, 3, 255]
merge [378.2] [378.1]
merge [378.0] [378.3]
merge [379] [380]
cut [381] [253, 168]
color [381.3] [255, 255, 255, 255]
merge [381.2] [381.1]
merge [381.0] [381.3]
merge [382] [383]
cut [384] [234, 168]
color [384.3] [0, 0, 0, 255]
merge [384.2] [384.1]
merge [384.0] [384.3]
merge [385] [386]
cut [387] [227, 168]
color [387.3] [255, 255, 255, 255]
merge [387.2] [387.1]
merge [387.0] [387.3]
merge [388] [389]
cut [390] [191, 168]
color [390.3] [0, 0, 0, 255]
merge [390.2] [390.1]
merge [390.0] [390.3]
merge [391] [392]
cut [393] [178, 168]
color [393.3] [255, 255, 255, 255]
merge [393.2] [393.3]
merge [393.0] [393.1]
merge [394] [395]
cut [396] [161, 168]
color [396.3] [117, 117, 117, 255]
merge [396.2] [396.3]
merge [396.0] [396.1]
merge [397] [398]
cut [399] [154, 168]
color [399.3] [0, 0, 0, 255]
merge [399.2] [399.3]
merge [399.0] [399.1]
merge [400] [401]
cut [402] [134, 168]
color [402.3] [255, 255, 255, 255]
merge [402.2] [402.3]
merge [402.0] [402.1]
merge [403] [404]
cut [405] [124, 168]
color [405.3] [0, 0, 0, 255]
merge [405.2] [405.3]
merge [405.0] [405.1]
merge [406] [407]
cut [408] [100, 168]
color [408.3] [115, 116, 115, 255]
merge [408.2] [408.3]
merge [408.0] [408.1]
merge [409] [410]
cut [411] [91, 168]
color [411.3] [255, 255, 255, 255]
merge [411.2] [411.3]
merge [411.0] [411.1]
merge [412] [413]
cut [414] [335, 175]
color [414.3] [186, 186, 186, 255]
merge [414.2] [414.1]
merge [414.0] [414.3]
merge [415] [416]
cut [417] [325, 175]
color [417.3] [254, 254, 254, 255]
merge [417.2] [417.1]
merge [417.0] [417.3]
merge [418] [419]
cut [420] [299, 175]
color [420.3] [190, 190, 190, 255]
merge [420.2] [420.1]
merge [420.0] [420.3]
merge [421] [422]
cut [423] [292, 175]
color [423.3] [255, 255, 255, 255]
merge [423.2] [423.1]
merge [423.0] [423.3]
merge [424] [425]
cut [426] [285, 175]
color [426.3] [1, 1, 1, 255]
merge [426.2] [426.1]
merge [426.0] [426.3]
merge [427] [428]
cut [429] [276, 175]
color [429.3] [210, 210, 210, 255]
merge [429.2] [429.3]
merge [429.0] [429.1]
merge [430] [431]
cut [432] [269, 175]
color [432.3] [186, 186, 186, 255]
merge [432.2] [432.3]
merge [432.0] [432.1]
merge [433] [434]
cut [435] [262, 175]
color [435.3] [3, 3, 3, 255]
merge [435.2] [435.3]
merge [435.0] [435.1]
merge [436] [437]
cut [438] [253, 175]
color [438.3] [255, 255, 255, 255]
merge [438.2] [438.1]
merge [438.0] [438.3]
merge [439] [440]
cut [441] [246, 175]
color [441.3] [210, 210, 210, 255]
merge [441.2] [441.1]
merge [441.0] [441.3]
merge [442] [443]
cut [444] [234, 175]
color [444.3] [255, 255, 255, 255]
merge [444.2] [444.1]
merge [444.0] [444.3]
merge [445] [446]
cut [447] [161, 175]
color [447.3] [180, 180, 180, 255]
merge [447.2] [447.3]
merge [447.0] [447.1]
merge [448] [449]
cut [450] [154, 175]
color [450.3] [0, 0, 0, 255]
merge [450.2] [450.3]
merge [450.0] [450.1]
merge [451] [452]
cut [453] [100, 175]
color [453.3] [255, 255, 255, 255]
merge [453.2] [453.3]
merge [453.0] [453.1]
merge [454] [455]
cut [456] [342, 187]
color [456.3] [2, 2, 2, 255]
merge [456.2] [456.1]
merge [456.0] [456.3]
merge [457] [458]
cut [459] [335, 187]
color [459.3] [254, 254, 254, 255]
merge [459.2] [459.1]
merge [459.0] [459.3]
merge [460] [461]
cut [462] [325, 187]
color [462.3] [143, 143, 143, 255]
merge [462.2] [462.1]
merge [462.0] [462.3]
merge [463] [464]
cut [465] [318, 187]
color [465.3] [9, 9, 9, 255]
merge [465.2] [465.1]
merge [465.0] [465.3]
merge [466] [467]
cut [468] [306, 187]
color [468.3] [254, 254, 254, 255]
merge [468.2] [468.1]
merge [468.0] [468.3]
merge [469] [470]
cut [471] [292, 187]
color [471.3] [1, 1, 1, 255]
merge [471.2] [471.3]
merge [471.0] [471.1]
merge [472] [473]
cut [474] [276, 187]
color [474.3] [254, 254, 254, 255]
merge [474.2] [474.3]
merge [474.0] [474.1]
merge [475] [476]
cut [477] [262, 187]
color [477.3] [3, 3, 3, 255]
merge [477.2] [477.3]
merge [477.0] [477.1]
merge [478] [479]
cut [480] [246, 187]
color [480.3] [254, 254, 254, 255]
merge [480.2] [480.3]
merge [480.0] [480.1]
merge [481] [482]
cut [483] [234, 187]
color [483.3] [3, 3, 3, 255]
merge [483.2] [483.1]
merge [483.0] [483.3]
merge [484] [485]
cut [486] [227, 187]
color [486.3] [255, 255, 255, 255]
merge [486.2] [486.1]
merge [486.0] [486.3]
merge [487] [488]
cut [489] [191, 187]
color [489.3] [39, 40, 39, 255]
merge [489.2] [489.3]
merge [489.0] [489.1]
merge [490] [491]
cut [492] [178, 187]
color [492.3] [255, 255, 255, 255]
merge [492.2] [492.3]
merge [492.0] [492.1]
merge [493] [494]
cut [495] [171, 187]
color [495.3] [0, 0, 0, 255]
merge [495.2] [495.3]
merge [495.0] [495.1]
merge [496] [497]
cut [498] [100, 187]
color [498.3] [255, 255, 255, 255]
merge [498.2] [498.3]
merge [498.0] [498.1]
merge [499] [500]
cut [501] [342, 194]
color [501.3] [255, 255, 255, 255]
merge [501.2] [501.3]
merge [501.0] [501.1]
merge [502] [503]
cut [504] [335, 194]
color [504.3] [2, 2, 2, 255]
merge [504.2] [504.3]
merge [504.0] [504.1]
merge [505] [506]
cut [507] [325, 194]
color [507.3] [162, 162, 162, 255]
merge [507.2] [507.1]
merge [507.0] [507.3]
merge [508] [509]
cut [510] [318, 194]
color [510.3] [255, 255, 255, 255]
merge [510.2] [510.1]
merge [510.0] [510.3]
merge [511] [512]
cut [513] [306, 194]
color [513.3] [3, 3, 3, 255]
merge [513.2] [513.3]
merge [513.0] [513.1]
merge [514] [515]
cut [516] [292, 194]
color [516.3] [255, 255, 255, 255]
merge [516.2] [516.3]
merge [516.0] [516.1]
merge [517] [518]
cut [519] [276, 194]
color [519.3] [3, 3, 3, 255]
merge [519.2] [519.3]
merge [519.0] [519.1]
merge [520] [521]
cut [522] [262, 194]
color [522.3] [255, 255, 255, 255]
merge [522.2] [522.3]
merge [522.0] [522.1]
merge [523] [524]
cut [525] [246, 194]
color [525.3] [1, 1, 1, 255]
merge [525.2] [525.3]
merge [525.0] [525.1]
merge [526] [527]
cut [528] [234, 194]
color [528.3] [255, 255, 255, 255]
merge [528.2] [528.1]
merge [528.0] [528.3]
merge [529] [530]
cut [531] [191, 194]
color [531.3] [71, 71, 71, 255]
merge [531.2] [531.3]
merge [531.0] [531.1]
merge [532] [533]
cut [534] [178, 194]
color [534.3] [0, 0, 0, 255]
merge [534.2] [534.3]
merge [534.0] [534.1]
merge [535] [536]
cut [537] [107, 194]
color [537.3] [200, 200, 200, 255]
merge [537.2] [537.3]
merge [537.0] [537.1]
merge [538] [539]
cut [540] [100, 194]
color [540.3] [255, 255, 255, 255]
merge [540.2] [540.3]
merge [540.0] [540.1]
merge [541] [542]
cut [543] [335, 201]
color [543.3] [255, 255, 255, 255]
merge [543.2] [543.3]
merge [543.0] [543.1]
merge [544] [545]
cut [546] [205, 201]
color [546.3] [170, 171, 170, 255]
merge [546.2] [546.3]
merge [546.0] [546.1]
merge [547] [548]
cut [549] [198, 201]
color [549.3] [255, 255, 255, 255]
merge [549.2] [549.3]
merge [549.0] [549.1]
merge [550] [551]
cut [552] [191, 201]
color [552.3] [0, 0, 0, 255]
merge [552.2] [552.3]
merge [552.0] [552.1]
merge [553] [554]
cut [555] [107, 201]
color [555.3] [255, 255, 255, 255]
merge [555.2] [555.3]
merge [555.0] [555.1]
merge [556] [557]
cut [558] [325, 210]
color [558.3] [0, 0, 0, 255]
merge [558.2] [558.3]
merge [558.0] [558.1]
merge [559] [560]
cut [561] [318, 210]
color [561.3] [255, 255, 255, 255]
merge [561.2] [561.3]
merge [561.0] [561.1]
merge [562] [563]
cut [564] [292, 210]
color [564.3] [0, 0, 0, 255]
merge [564.2] [564.3]
merge [564.0] [564.1]
merge [565] [566]
cut [567] [285, 210]
color [567.3] [255, 255, 255, 255]
merge [567.2] [567.3]
merge [567.0] [567.1]
merge [568] [569]
cut [570] [276, 210]
color [570.3] [1, 1, 1, 255]
merge [570.2] [570.3]
merge [570.0] [570.1]
merge [571] [572]
cut [573] [253, 210]
color [573.3] [255, 255, 255, 255]
merge [573.2] [573.3]
merge [573.0] [573.1]
merge [574] [575]
cut [576] [246, 210]
color [576.3] [3, 3, 3, 255]
merge [576.2] [576.3]
merge [576.0] [576.1]
merge [577] [578]
cut [579] [234, 210]
color [579.3] [84, 84, 84, 255]
merge [579.2] [579.3]
merge [579.0] [579.1]
merge [580] [581]
cut [582] [227, 210]
color [582.3] [255, 255, 255, 255]
merge [582.2] [582.3]
merge [582.0] [582.1]
merge [583] [584]
cut [585] [198, 210]
color [585.3] [0, 0, 0, 255]
merge [585.2] [585.3]
merge [585.0] [585.1]
merge [586] [587]
cut [588] [114, 210]
color [588.3] [36, 37, 36, 255]
merge [588.2] [588.3]
merge [588.0] [588.1]
merge [589] [590]
cut [591] [107, 210]
color [591.3] [255, 255, 255, 255]
merge [591.2] [591.3]
merge [591.0] [591.1]
merge [592] [593]
cut [594] [276, 217]
color [594.3] [255, 255, 255, 255]
merge [594.2] [594.3]
merge [594.0] [594.1]
merge [595] [596]
cut [597] [253, 217]
color [597.3] [0, 0, 0, 255]
merge [597.2] [597.3]
merge [597.0] [597.1]
merge [598] [599]
cut [600] [246, 217]
color [600.3] [255, 255, 255, 255]
merge [600.2] [600.3]
merge [600.0] [600.1]
merge [601] [602]
cut [603] [198, 217]
color [603.3] [0, 0, 0, 255]
merge [603.2] [603.3]
merge [603.0] [603.1]
merge [604] [605]
cut [606] [114, 217]
color [606.3] [255, 255, 255, 255]
merge [606.2] [606.3]
merge [606.0] [606.1]
merge [607] [608]
cut [609] [342, 229]
color [609.3] [0, 0, 0, 255]
merge [609.2] [609.3]
merge [609.0] [609.1]
merge [610] [611]
cut [612] [318, 229]
color [612.3] [255, 255, 255, 255]
merge [612.2] [612.3]
merge [612.0] [612.1]
merge [613] [614]
cut [615] [306, 229]
color [615.3] [0, 0, 0, 255]
merge [615.2] [615.3]
merge [615.0] [615.1]
merge [616] [617]
cut [618] [285, 229]
color [618.3] [255, 255, 255, 255]
merge [618.2] [618.3]
merge [618.0] [618.1]
merge [619] [620]
cut [621] [253, 229]
color [621.3] [0, 0, 0, 255]
merge [621.2] [621.3]
merge [621.0] [621.1]
merge [622] [623]
cut [624] [246, 229]
color [624.3] [255, 255, 255, 255]
merge [624.2] [624.3]
merge [624.0] [624.1]
merge [625] [626]
cut [627] [205, 229]
color [627.3] [0, 0, 0, 255]
merge [627.2] [627.1]
merge [627.0] [627.3]
merge [628] [629]
cut [630] [114, 229]
color [630.3] [255, 255, 255, 255]
merge [630.2] [630.3]
merge [630.0] [630.1]
merge [631] [632]
cut [633] [349, 236]
color [633.3] [119, 119, 119, 255]
merge [633.2] [633.3]
merge [633.0] [633.1]
merge [634] [635]
cut [636] [342, 236]
color [636.3] [253, 253, 253, 255]
merge [636.2] [636.3]
merge [636.0] [636.1]
merge [637] [638]
cut [639] [325, 236]
color [639.3] [0, 0, 0, 255]
merge [639.2] [639.3]
merge [639.0] [639.1]
merge [640] [641]
cut [642] [318, 236]
color [642.3] [255, 255, 255, 255]
merge [642.2] [642.3]
merge [642.0] [642.1]
merge [643] [644]
cut [645] [292, 236]
color [645.3] [0, 0, 0, 255]
merge [645.2] [645.3]
merge [645.0] [645.1]
merge [646] [647]
cut [648] [276, 236]
color [648.3] [255, 255, 255, 255]
merge [648.2] [648.3]
merge [648.0] [648.1]
merge [649] [650]
cut [651] [253, 236]
color [651.3] [0, 0, 0, 255]
merge [651.2] [651.3]
merge [651.0] [651.1]
merge [652] [653]
cut [654] [246, 236]
color [654.3] [255, 255, 255, 255]
merge [654.2] [654.3]
merge [654.0] [654.1]
merge [655] [656]
cut [657] [227, 236]
color [657.3] [222, 222, 222, 255]
merge [657.2] [657.3]
merge [657.0] [657.1]
merge [658] [659]
cut [660] [220, 236]
color [660.3] [37, 39, 37, 255]
merge [660.2] [660.1]
merge [660.0] [660.3]
merge [661] [662]
cut [663] [212, 236]
color [663.3] [0, 0, 0, 255]
merge [663.2] [663.1]
merge [663.0] [663.3]
merge [664] [665]
cut [666] [114, 236]
color [666.3] [255, 255, 255, 255]
merge [666.2] [666.3]
merge [666.0] [666.1]
merge [667] [668]
cut [669] [84, 236]
color [669.3] [0, 0, 0, 255]
merge [669.2] [669.3]
merge [669.0] [669.1]
merge [670] [671]
cut [672] [77, 236]
color [672.3] [255, 255, 255, 255]
merge [672.2] [672.3]
merge [672.0] [672.1]
merge [673] [674]
cut [675] [67, 236]
color [675.3] [0, 0, 0, 255]
merge [675.2] [675.3]
merge [675.0] [675.1]
merge [676] [677]
cut [678] [60, 236]
color [678.3] [255, 255, 255, 255]
merge [678.2] [678.3]
merge [678.0] [678.1]
merge [679] [680]
cut [681] [349, 243]
color [681.3] [255, 255, 255, 255]
merge [681.2] [681.3]
merge [681.0] [681.1]
merge [682] [683]
cut [684] [342, 243]
color [684.3] [0, 0, 0, 255]
merge [684.2] [684.3]
merge [684.0] [684.1]
merge [685] [686]
cut [687] [285, 243]
color [687.3] [255, 255, 255, 255]
merge [687.2] [687.3]
merge [687.0] [687.1]
merge [688] [689]
cut [690] [276, 243]
color [690.3] [1, 1, 1, 255]
merge [690.2] [690.1]
merge [690.0] [690.3]
merge [691] [692]
cut [693] [253, 243]
color [693.3] [255, 255, 255, 255]
merge [693.2] [693.3]
merge [693.0] [693.1]
merge [694] [695]
cut [696] [246, 243]
color [696.3] [4, 4, 4, 255]
merge [696.2] [696.3]
merge [696.0] [696.1]
merge [697] [698]
cut [699] [234, 243]
color [699.3] [117, 117, 117, 255]
merge [699.2] [699.3]
merge [699.0] [699.1]
merge [700] [701]
cut [702] [227, 243]
color [702.3] [255, 255, 255, 255]
merge [702.2] [702.3]
merge [702.0] [702.1]
merge [703] [704]
cut [705] [220, 243]
color [705.3] [0, 0, 0, 255]
merge [705.2] [705.3]
merge [705.0] [705.1]
merge [706] [707]
cut [708] [114, 243]
color [708.3] [61, 61, 61, 255]
merge [708.2] [708.3]
merge [708.0] [708.1]
merge [709] [710]
cut [711] [107, 243]
color [711.3] [255, 255, 255, 255]
merge [711.2] [711.3]
merge [711.0] [711.1]
merge [712] [713]
cut [714] [84, 243]
color [714.3] [0, 0, 0, 255]
merge [714.2] [714.3]
merge [714.0] [714.1]
merge [715] [716]
cut [717] [47, 243]
color [717.3] [255, 255, 255, 255]
merge [717.2] [717.3]
merge [717.0] [717.1]
merge [718] [719]
cut [720] [342, 250]
color [720.3] [255, 255, 255, 255]
merge [720.2] [720.3]
merge [720.0] [720.1]
merge [721] [722]
cut [723] [220, 250]
color [723.3] [0, 0, 0, 255]
merge [723.2] [723.3]
merge [723.0] [723.1]
merge [724] [725]
cut [726] [60, 250]
color [726.3] [255, 255, 255, 255]
merge [726.2] [726.3]
merge [726.0] [726.1]
merge [727] [728]
cut [729] [227, 259]
color [729.3] [0, 0, 0, 255]
merge [729.2] [729.3]
merge [729.0] [729.1]
merge [730] [731]
cut [732] [141, 259]
color [732.3] [127, 127, 127, 255]
merge [732.2] [732.3]
merge [732.0] [732.1]
merge [733] [734]
cut [735] [134, 259]
color [735.3] [255, 255, 255, 255]
merge [735.2] [735.3]
merge [735.0] [735.1]
merge [736] [737]
cut [738] [124, 259]
color [738.3] [0, 0, 0, 255]
merge [738.2] [738.3]
merge [738.0] [738.1]
merge [739] [740]
cut [741] [67, 259]
color [741.3] [255, 255, 255, 255]
merge [741.2] [741.3]
merge [741.0] [741.1]
merge [742] [743]
cut [744] [234, 269]
color [744.3] [0, 0, 0, 255]
merge [744.2] [744.3]
merge [744.0] [744.1]
merge [745] [746]
cut [747] [154, 269]
color [747.3] [255, 255, 255, 255]
merge [747.2] [747.3]
merge [747.0] [747.1]
merge [748] [749]
cut [750] [114, 269]
color [750.3] [0, 0, 0, 255]
merge [750.2] [750.3]
merge [750.0] [750.1]
merge [751] [752]
cut [753] [77, 269]
color [753.3] [255, 255, 255, 255]
merge [753.2] [753.3]
merge [753.0] [753.1]
merge [754] [755]
cut [756] [253, 279]
color [756.3] [199, 199, 199, 255]
merge [756.2] [756.3]
merge [756.0] [756.1]
merge [757] [758]
cut [759] [246, 279]
color [759.3] [0, 0, 0, 255]
merge [759.2] [759.3]
merge [759.0] [759.1]
merge [760] [761]
cut [762] [178, 279]
color [762.3] [36, 36, 36, 255]
merge [762.2] [762.3]
merge [762.0] [762.1]
merge [763] [764]
cut [765] [171, 279]
color [765.3] [255, 255, 255, 255]
merge [765.2] [765.3]
merge [765.0] [765.1]
merge [766] [767]
cut [768] [91, 279]
color [768.3] [127, 127, 127, 255]
merge [768.2] [768.3]
merge [768.0] [768.1]
merge [769] [770]
cut [771] [84, 279]
color [771.3] [255, 255, 255, 255]
merge [771.2] [771.3]
merge [771.0] [771.1]
merge [772] [773]
cut [774] [253, 289]
color [774.3] [255, 255, 255, 255]
merge [774.2] [774.3]
merge [774.0] [774.1]
merge [775] [776]
#$16866
