merge [0] [1]
merge [100] [2]
merge [101] [3]
merge [102] [4]
merge [103] [5]
merge [104] [6]
merge [105] [7]
merge [106] [8]
merge [107] [9]
merge [10] [11]
merge [109] [12]
merge [110] [13]
merge [111] [14]
merge [112] [15]
merge [113] [16]
merge [114] [17]
merge [115] [18]
merge [116] [19]
merge [20] [21]
merge [118] [22]
merge [119] [23]
merge [120] [24]
merge [121] [25]
merge [122] [26]
merge [123] [27]
merge [124] [28]
merge [125] [29]
merge [30] [31]
merge [127] [32]
merge [128] [33]
merge [129] [34]
merge [130] [35]
merge [131] [36]
merge [132] [37]
merge [133] [38]
merge [134] [39]
merge [40] [41]
merge [136] [42]
merge [137] [43]
merge [138] [44]
merge [139] [45]
merge [140] [46]
merge [141] [47]
merge [142] [48]
merge [143] [49]
merge [50] [51]
merge [145] [52]
merge [146] [53]
merge [147] [54]
merge [148] [55]
merge [149] [56]
merge [150] [57]
merge [151] [58]
merge [152] [59]
merge [60] [61]
merge [154] [62]
merge [155] [63]
merge [156] [64]
merge [157] [65]
merge [158] [66]
merge [159] [67]
merge [160] [68]
merge [161] [69]
merge [70] [71]
merge [163] [72]
merge [164] [73]
merge [165] [74]
merge [166] [75]
merge [167] [76]
merge [168] [77]
merge [169] [78]
merge [170] [79]
merge [80] [81]
merge [172] [82]
merge [173] [83]
merge [174] [84]
merge [175] [85]
merge [176] [86]
merge [177] [87]
merge [178] [88]
merge [179] [89]
merge [90] [91]
merge [181] [92]
merge [182] [93]
merge [183] [94]
merge [184] [95]
merge [185] [96]
merge [186] [97]
merge [187] [98]
merge [188] [99]
merge [189] [180]
merge [190] [171]
merge [191] [162]
merge [192] [153]
merge [193] [144]
merge [194] [135]
merge [195] [126]
merge [196] [117]
merge [197] [108]
#$2858
#@199
color [198] [255, 255, 255, 255]
cut [198] [x] [23]
color [198.1] [57, 73, 171, 255]
merge [198.0] [198.1]
cut [199] [x] [377]
color [199.1] [255, 255, 255, 255]
merge [199.0] [199.1]
cut [200] [y] [377]
color [200.0] [57, 73, 171, 255]
merge [200.0] [200.1]
cut [201] [159, 377]
color [201.1] [255, 224, 130, 255]
merge [201.2] [201.1]
merge [201.0] [201.3]
merge [202] [203]
cut [204] [177, 377]
color [204.1] [57, 73, 171, 255]
merge [204.2] [204.1]
merge [204.0] [204.3]
merge [205] [206]
cut [207] [256, 377]
color [207.1] [255, 224, 130, 255]
merge [207.2] [207.1]
merge [207.0] [207.3]
merge [208] [209]
cut [210] [288, 377]
color [210.1] [57, 73, 171, 255]
merge [210.2] [210.1]
merge [210.0] [210.3]
merge [211] [212]
cut [213] [312, 377]
color [213.1] [154, 153, 171, 255]
merge [213.2] [213.1]
merge [213.0] [213.3]
merge [214] [215]
cut [216] [333, 377]
color [216.1] [255, 236, 179, 255]
merge [216.2] [216.1]
merge [216.0] [216.3]
merge [217] [218]
cut [219] [362, 377]
color [219.1] [57, 73, 171, 255]
merge [219.2] [219.1]
merge [219.0] [219.3]
merge [220] [221]
cut [222] [159, 360]
color [222.1] [57, 73, 171, 255]
merge [222.2] [222.1]
merge [222.0] [222.3]
merge [223] [224]
cut [225] [256, 360]
color [225.1] [255, 224, 130, 255]
merge [225.2] [225.1]
merge [225.0] [225.3]
merge [226] [227]
cut [228] [288, 360]
color [228.1] [57, 73, 171, 255]
merge [228.2] [228.1]
merge [228.0] [228.3]
merge [229] [230]
cut [231] [312, 360]
color [231.1] [255, 236, 179, 255]
merge [231.2] [231.1]
merge [231.0] [231.3]
merge [232] [233]
cut [234] [377, 360]
color [234.1] [57, 73, 171, 255]
merge [234.2] [234.3]
merge [234.0] [234.1]
merge [235] [236]
cut [237] [78, 344]
color [237.1] [33, 33, 33, 255]
merge [237.2] [237.1]
merge [237.0] [237.3]
merge [238] [239]
cut [240] [94, 344]
color [240.1] [255, 213, 79, 255]
merge [240.2] [240.1]
merge [240.0] [240.3]
merge [241] [242]
cut [243] [122, 344]
color [243.1] [57, 73, 171, 255]
merge [243.2] [243.1]
merge [243.0] [243.3]
merge [244] [245]
cut [246] [177, 344]
color [246.1] [92, 107, 192, 255]
merge [246.2] [246.1]
merge [246.0] [246.3]
merge [247] [248]
cut [249] [256, 344]
color [249.1] [57, 73, 171, 255]
merge [249.2] [249.1]
merge [249.0] [249.3]
merge [250] [251]
cut [252] [312, 344]
color [252.1] [255, 236, 179, 255]
merge [252.2] [252.1]
merge [252.0] [252.3]
merge [253] [254]
cut [255] [333, 344]
color [255.1] [249, 168, 37, 255]
merge [255.2] [255.1]
merge [255.0] [255.3]
merge [256] [257]
cut [258] [362, 344]
color [258.1] [255, 236, 179, 255]
merge [258.2] [258.3]
merge [258.0] [258.1]
merge [259] [260]
cut [261] [377, 344]
color [261.1] [57, 73, 171, 255]
merge [261.2] [261.3]
merge [261.0] [261.1]
merge [262] [263]
cut [264] [y] [323]
color [264.0] [92, 107, 192, 255]
merge [264.0] [264.1]
cut [265] [23, 323]
color [265.1] [57, 73, 171, 255]
merge [265.2] [265.1]
merge [265.0] [265.3]
merge [266] [267]
cut [268] [78, 323]
color [268.1] [33, 33, 33, 255]
merge [268.2] [268.1]
merge [268.0] [268.3]
merge [269] [270]
cut [271] [94, 323]
color [271.1] [255, 213, 79, 255]
merge [271.2] [271.1]
merge [271.0] [271.3]
merge [272] [273]
cut [274] [122, 323]
color [274.1] [91, 106, 171, 255]
merge [274.2] [274.1]
merge [274.0] [274.3]
merge [275] [276]
cut [277] [144, 323]
color [277.1] [92, 107, 192, 255]
merge [277.2] [277.1]
merge [277.0] [277.3]
merge [278] [279]
cut [280] [271, 323]
color [280.1] [57, 73, 171, 255]
merge [280.2] [280.1]
merge [280.0] [280.3]
merge [281] [282]
cut [283] [23, 300]
color [283.1] [92, 107, 192, 255]
merge [283.2] [283.1]
merge [283.0] [283.3]
merge [284] [285]
cut [286] [45, 300]
color [286.1] [57, 73, 171, 255]
merge [286.2] [286.1]
merge [286.0] [286.3]
merge [287] [288]
cut [289] [78, 300]
color [289.1] [33, 33, 33, 255]
merge [289.2] [289.1]
merge [289.0] [289.3]
merge [290] [291]
cut [292] [94, 300]
color [292.1] [57, 73, 171, 255]
merge [292.2] [292.1]
merge [292.0] [292.3]
merge [293] [294]
cut [295] [122, 300]
color [295.1] [92, 107, 192, 255]
merge [295.2] [295.1]
merge [295.0] [295.3]
merge [296] [297]
cut [298] [288, 300]
color [298.1] [57, 73, 171, 255]
merge [298.2] [298.1]
merge [298.0] [298.3]
merge [299] [300]
cut [301] [312, 300]
color [301.1] [255, 224, 130, 255]
merge [301.2] [301.3]
merge [301.0] [301.1]
merge [302] [303]
cut [304] [333, 300]
color [304.1] [57, 73, 171, 255]
merge [304.2] [304.3]
merge [304.0] [304.1]
merge [305] [306]
cut [307] [45, 282]
color [307.1] [92, 107, 192, 255]
merge [307.2] [307.1]
merge [307.0] [307.3]
merge [308] [309]
cut [310] [78, 282]
color [310.1] [33, 33, 33, 255]
merge [310.2] [310.1]
merge [310.0] [310.3]
merge [311] [312]
cut [313] [94, 282]
color [313.1] [92, 107, 192, 255]
merge [313.2] [313.1]
merge [313.0] [313.3]
merge [314] [315]
cut [316] [159, 282]
color [316.1] [235, 209, 143, 255]
merge [316.2] [316.1]
merge [316.0] [316.3]
merge [317] [318]
cut [319] [177, 282]
color [319.1] [92, 107, 192, 255]
merge [319.2] [319.1]
merge [319.0] [319.3]
merge [320] [321]
cut [322] [196, 282]
color [322.1] [121, 134, 203, 255]
merge [322.2] [322.1]
merge [322.0] [322.3]
merge [323] [324]
cut [325] [211, 282]
color [325.1] [92, 107, 192, 255]
merge [325.2] [325.1]
merge [325.0] [325.3]
merge [326] [327]
cut [328] [288, 282]
color [328.1] [57, 73, 171, 255]
merge [328.2] [328.3]
merge [328.0] [328.1]
merge [329] [330]
cut [331] [312, 282]
color [331.1] [255, 224, 130, 255]
merge [331.2] [331.3]
merge [331.0] [331.1]
merge [332] [333]
cut [334] [333, 282]
color [334.1] [57, 73, 171, 255]
merge [334.2] [334.3]
merge [334.0] [334.1]
merge [335] [336]
cut [337] [23, 267]
color [337.1] [254, 212, 79, 255]
merge [337.2] [337.1]
merge [337.0] [337.3]
merge [338] [339]
cut [340] [45, 267]
color [340.1] [92, 107, 192, 255]
merge [340.2] [340.1]
merge [340.0] [340.3]
merge [341] [342]
cut [343] [78, 267]
color [343.1] [33, 33, 33, 255]
merge [343.2] [343.1]
merge [343.0] [343.3]
merge [344] [345]
cut [346] [94, 267]
color [346.1] [92, 107, 192, 255]
merge [346.2] [346.1]
merge [346.0] [346.3]
merge [347] [348]
cut [349] [144, 267]
color [349.1] [255, 224, 130, 255]
merge [349.2] [349.1]
merge [349.0] [349.3]
merge [350] [351]
cut [352] [177, 267]
color [352.1] [121, 134, 203, 255]
merge [352.2] [352.1]
merge [352.0] [352.3]
merge [353] [354]
cut [355] [234, 267]
color [355.1] [92, 107, 192, 255]
merge [355.2] [355.1]
merge [355.0] [355.3]
merge [356] [357]
cut [358] [312, 267]
color [358.1] [121, 134, 203, 255]
merge [358.2] [358.3]
merge [358.0] [358.1]
merge [359] [360]
cut [361] [333, 267]
color [361.1] [57, 73, 171, 255]
merge [361.2] [361.3]
merge [361.0] [361.1]
merge [362] [363]
cut [364] [23, 245]
color [364.1] [92, 107, 192, 255]
merge [364.2] [364.1]
merge [364.0] [364.3]
merge [365] [366]
cut [367] [78, 245]
color [367.1] [33, 33, 33, 255]
merge [367.2] [367.1]
merge [367.0] [367.3]
merge [368] [369]
cut [370] [122, 245]
color [370.1] [57, 73, 171, 255]
merge [370.2] [370.1]
merge [370.0] [370.3]
merge [371] [372]
cut [373] [159, 245]
color [373.1] [121, 134, 203, 255]
merge [373.2] [373.1]
merge [373.0] [373.3]
merge [374] [375]
cut [376] [362, 245]
color [376.1] [57, 73, 171, 255]
merge [376.2] [376.3]
merge [376.0] [376.1]
merge [377] [378]
cut [379] [45, 222]
color [379.1] [255, 213, 79, 255]
merge [379.2] [379.1]
merge [379.0] [379.3]
merge [380] [381]
cut [382] [78, 222]
color [382.1] [33, 33, 33, 255]
merge [382.2] [382.1]
merge [382.0] [382.3]
merge [383] [384]
cut [385] [122, 222]
color [385.1] [57, 73, 171, 255]
merge [385.2] [385.3]
merge [385.0] [385.1]
merge [386] [387]
cut [388] [177, 222]
color [388.1] [121, 134, 203, 255]
merge [388.2] [388.1]
merge [388.0] [388.3]
merge [389] [390]
cut [391] [362, 222]
color [391.1] [57, 73, 171, 255]
merge [391.2] [391.3]
merge [391.0] [391.1]
merge [392] [393]
cut [394] [y] [200]
color [394.0] [57, 73, 171, 255]
merge [394.0] [394.1]
cut [395] [45, 200]
color [395.1] [255, 213, 79, 255]
merge [395.2] [395.3]
merge [395.0] [395.1]
merge [396] [397]
cut [398] [78, 200]
color [398.1] [33, 33, 33, 255]
merge [398.2] [398.3]
merge [398.0] [398.1]
merge [399] [400]
cut [401] [122, 200]
color [401.1] [57, 73, 171, 255]
merge [401.2] [401.3]
merge [401.0] [401.1]
merge [402] [403]
cut [404] [159, 200]
color [404.1] [255, 236, 179, 255]
merge [404.2] [404.3]
merge [404.0] [404.1]
merge [405] [406]
cut [407] [196, 200]
color [407.1] [121, 134, 203, 255]
merge [407.2] [407.3]
merge [407.0] [407.1]
merge [408] [409]
cut [410] [271, 200]
color [410.1] [57, 73, 171, 255]
merge [410.2] [410.3]
merge [410.0] [410.1]
merge [411] [412]
cut [413] [288, 200]
color [413.1] [121, 134, 203, 255]
merge [413.2] [413.3]
merge [413.0] [413.1]
merge [414] [415]
cut [416] [362, 200]
color [416.1] [255, 236, 179, 255]
merge [416.2] [416.3]
merge [416.0] [416.1]
merge [417] [418]
cut [419] [45, 178]
color [419.1] [57, 73, 171, 255]
merge [419.2] [419.3]
merge [419.0] [419.1]
merge [420] [421]
cut [422] [78, 178]
color [422.1] [33, 33, 33, 255]
merge [422.2] [422.3]
merge [422.0] [422.1]
merge [423] [424]
cut [425] [122, 178]
color [425.1] [57, 73, 171, 255]
merge [425.2] [425.3]
merge [425.0] [425.1]
merge [426] [427]
cut [428] [144, 178]
color [428.1] [255, 236, 179, 255]
merge [428.2] [428.3]
merge [428.0] [428.1]
merge [429] [430]
cut [431] [211, 178]
color [431.1] [57, 73, 171, 255]
merge [431.2] [431.3]
merge [431.0] [431.1]
merge [432] [433]
cut [434] [288, 178]
color [434.1] [255, 236, 179, 255]
merge [434.2] [434.3]
merge [434.0] [434.1]
merge [435] [436]
cut [437] [y] [155]
color [437.0] [255, 236, 179, 255]
merge [437.0] [437.1]
cut [438] [60, 155]
color [438.1] [33, 33, 33, 255]
merge [438.2] [438.3]
merge [438.0] [438.1]
merge [439] [440]
cut [441] [122, 155]
color [441.1] [57, 73, 171, 255]
merge [441.2] [441.1]
merge [441.0] [441.3]
merge [442] [443]
cut [444] [144, 155]
color [444.1] [33, 33, 33, 255]
merge [444.2] [444.3]
merge [444.0] [444.1]
merge [445] [446]
cut [447] [159, 155]
color [447.1] [255, 236, 179, 255]
merge [447.2] [447.3]
merge [447.0] [447.1]
merge [448] [449]
cut [450] [362, 155]
color [450.1] [26, 35, 126, 255]
merge [450.2] [450.3]
merge [450.0] [450.1]
merge [451] [452]
cut [453] [60, 139]
color [453.1] [255, 236, 179, 255]
merge [453.2] [453.1]
merge [453.0] [453.3]
merge [454] [455]
cut [456] [78, 139]
color [456.1] [33, 33, 33, 255]
merge [456.2] [456.1]
merge [456.0] [456.3]
merge [457] [458]
cut [459] [159, 139]
color [459.1] [255, 236, 179, 255]
merge [459.2] [459.3]
merge [459.0] [459.1]
merge [460] [461]
cut [462] [288, 139]
color [462.1] [26, 35, 126, 255]
merge [462.2] [462.3]
merge [462.0] [462.1]
merge [463] [464]
cut [465] [y] [115]
color [465.0] [40, 53, 147, 255]
merge [465.0] [465.1]
cut [466] [60, 115]
color [466.1] [255, 236, 179, 255]
merge [466.2] [466.3]
merge [466.0] [466.1]
merge [467] [468]
cut [469] [78, 115]
color [469.1] [33, 33, 33, 255]
merge [469.2] [469.3]
merge [469.0] [469.1]
merge [470] [471]
cut [472] [159, 115]
color [472.1] [255, 236, 179, 255]
merge [472.2] [472.3]
merge [472.0] [472.1]
merge [473] [474]
cut [475] [177, 115]
color [475.1] [26, 35, 126, 255]
merge [475.2] [475.3]
merge [475.0] [475.1]
merge [476] [477]
cut [478] [60, 100]
color [478.1] [33, 35, 126, 255]
merge [478.2] [478.3]
merge [478.0] [478.1]
merge [479] [480]
cut [481] [78, 100]
color [481.1] [33, 33, 33, 255]
merge [481.2] [481.3]
merge [481.0] [481.1]
merge [482] [483]
cut [484] [177, 100]
color [484.1] [26, 35, 126, 255]
merge [484.2] [484.3]
merge [484.0] [484.1]
merge [485] [486]
cut [487] [y] [85]
color [487.0] [26, 35, 126, 255]
merge [487.0] [487.1]
cut [488] [60, 85]
color [488.1] [33, 33, 33, 255]
merge [488.2] [488.3]
merge [488.0] [488.1]
merge [489] [490]
cut [491] [196, 85]
color [491.1] [26, 35, 126, 255]
merge [491.2] [491.1]
merge [491.0] [491.3]
merge [492] [493]
cut [494] [196, 40]
color [494.1] [33, 33, 33, 255]
merge [494.2] [494.1]
merge [494.0] [494.3]
merge [495] [496]
cut [497] [211, 40]
color [497.1] [26, 35, 126, 255]
merge [497.2] [497.1]
merge [497.0] [497.3]
merge [498] [499]
cut [500] [y] [24]
color [500.0] [254, 254, 254, 255]
merge [500.0] [500.1]
cut [501] [23, 24]
color [501.1] [26, 35, 126, 255]
merge [501.2] [501.3]
merge [501.0] [501.1]
merge [502] [503]
cut [504] [78, 24]
color [504.1] [33, 33, 33, 255]
merge [504.2] [504.1]
merge [504.0] [504.3]
merge [505] [506]
cut [507] [211, 24]
color [507.1] [26, 35, 126, 255]
merge [507.2] [507.1]
merge [507.0] [507.3]
merge [508] [509]
#$19684
