merge [0] [1]
merge [100] [2]
merge [101] [3]
merge [102] [4]
merge [103] [5]
merge [104] [6]
merge [105] [7]
merge [106] [8]
merge [107] [9]
merge [10] [11]
merge [109] [12]
merge [110] [13]
merge [111] [14]
merge [112] [15]
merge [113] [16]
merge [114] [17]
merge [115] [18]
merge [116] [19]
merge [20] [21]
merge [118] [22]
merge [119] [23]
merge [120] [24]
merge [121] [25]
merge [122] [26]
merge [123] [27]
merge [124] [28]
merge [125] [29]
merge [30] [31]
merge [127] [32]
merge [128] [33]
merge [129] [34]
merge [130] [35]
merge [131] [36]
merge [132] [37]
merge [133] [38]
merge [134] [39]
merge [40] [41]
merge [136] [42]
merge [137] [43]
merge [138] [44]
merge [139] [45]
merge [140] [46]
merge [141] [47]
merge [142] [48]
merge [143] [49]
merge [50] [51]
merge [145] [52]
merge [146] [53]
merge [147] [54]
merge [148] [55]
merge [149] [56]
merge [150] [57]
merge [151] [58]
merge [152] [59]
merge [60] [61]
merge [154] [62]
merge [155] [63]
merge [156] [64]
merge [157] [65]
merge [158] [66]
merge [159] [67]
merge [160] [68]
merge [161] [69]
merge [70] [71]
merge [163] [72]
merge [164] [73]
merge [165] [74]
merge [166] [75]
merge [167] [76]
merge [168] [77]
merge [169] [78]
merge [170] [79]
merge [80] [81]
merge [172] [82]
merge [173] [83]
merge [174] [84]
merge [175] [85]
merge [176] [86]
merge [177] [87]
merge [178] [88]
merge [179] [89]
merge [90] [91]
merge [181] [92]
merge [182] [93]
merge [183] [94]
merge [184] [95]
merge [185] [96]
merge [186] [97]
merge [187] [98]
merge [188] [99]
merge [189] [180]
merge [190] [171]
merge [191] [162]
merge [192] [153]
merge [193] [144]
merge [194] [135]
merge [195] [126]
merge [196] [117]
merge [197] [108]
#$2858
#@199
color [198] [79, 69, 38, 255]
cut [198] [x] [306]
color [198.0] [87, 77, 43, 255]
merge [198.0] [198.1]
cut [199] [x] [270]
color [199.0] [129, 109, 54, 255]
merge [199.0] [199.1]
cut [200] [x] [240]
color [200.0] [12, 17, 20, 255]
merge [200.0] [200.1]
cut [201] [x] [199]
color [201.0] [200, 172, 98, 255]
merge [201.0] [201.1]
cut [202] [x] [168]
color [202.0] [222, 177, 61, 255]
merge [202.0] [202.1]
cut [203] [x] [129]
color [203.0] [127, 109, 56, 255]
merge [203.0] [203.1]
cut [204] [x] [89]
color [204.0] [120, 104, 61, 255]
merge [204.0] [204.1]
cut [205] [y] [351]
color [205.0] [103, 88, 46, 255]
merge [205.0] [205.1]
cut [206] [351, 351]
color [206.0] [113, 94, 48, 255]
merge [206.2] [206.1]
merge [206.0] [206.3]
merge [207] [208]
cut [209] [270, 351]
color [209.0] [209, 175, 94, 255]
merge [209.2] [209.1]
merge [209.0] [209.3]
merge [210] [211]
cut [212] [240, 351]
color [212.0] [217, 178, 107, 255]
merge [212.2] [212.1]
merge [212.0] [212.3]
merge [213] [214]
cut [215] [199, 351]
color [215.0] [232, 194, 68, 255]
merge [215.2] [215.1]
merge [215.0] [215.3]
merge [216] [217]
cut [218] [168, 351]
color [218.0] [208, 164, 55, 255]
merge [218.2] [218.1]
merge [218.0] [218.3]
merge [219] [220]
cut [221] [129, 351]
color [221.0] [159, 129, 63, 255]
merge [221.2] [221.1]
merge [221.0] [221.3]
merge [222] [223]
cut [224] [89, 351]
color [224.0] [147, 127, 70, 255]
merge [224.2] [224.1]
merge [224.0] [224.3]
merge [225] [226]
cut [227] [y] [289]
color [227.0] [121, 102, 49, 255]
merge [227.0] [227.1]
cut [228] [306, 289]
color [228.0] [164, 125, 52, 255]
merge [228.2] [228.1]
merge [228.0] [228.3]
merge [229] [230]
cut [231] [270, 289]
color [231.0] [243, 196, 62, 255]
merge [231.2] [231.1]
merge [231.0] [231.3]
merge [232] [233]
cut [234] [240, 289]
color [234.0] [220, 167, 92, 255]
merge [234.2] [234.1]
merge [234.0] [234.3]
merge [235] [236]
cut [237] [199, 289]
color [237.0] [245, 214, 72, 255]
merge [237.2] [237.1]
merge [237.0] [237.3]
merge [238] [239]
cut [240] [168, 289]
color [240.0] [243, 203, 62, 255]
merge [240.2] [240.1]
merge [240.0] [240.3]
merge [241] [242]
cut [243] [129, 289]
color [243.0] [169, 138, 65, 255]
merge [243.2] [243.1]
merge [243.0] [243.3]
merge [244] [245]
cut [246] [89, 289]
color [246.0] [147, 127, 70, 255]
merge [246.2] [246.3]
merge [246.0] [246.1]
merge [247] [248]
cut [249] [351, 255]
color [249.0] [131, 109, 51, 255]
merge [249.2] [249.1]
merge [249.0] [249.3]
merge [250] [251]
cut [252] [306, 255]
color [252.0] [237, 191, 55, 255]
merge [252.2] [252.1]
merge [252.0] [252.3]
merge [253] [254]
cut [255] [270, 255]
color [255.0] [246, 208, 59, 255]
merge [255.2] [255.1]
merge [255.0] [255.3]
merge [256] [257]
cut [258] [240, 255]
color [258.0] [198, 159, 72, 255]
merge [258.2] [258.1]
merge [258.0] [258.3]
merge [259] [260]
cut [261] [199, 255]
color [261.0] [241, 206, 71, 255]
merge [261.2] [261.1]
merge [261.0] [261.3]
merge [262] [263]
cut [264] [168, 255]
color [264.0] [243, 203, 62, 255]
merge [264.2] [264.1]
merge [264.0] [264.3]
merge [265] [266]
cut [267] [129, 255]
color [267.0] [188, 151, 67, 255]
merge [267.2] [267.3]
merge [267.0] [267.1]
merge [268] [269]
cut [270] [89, 255]
color [270.0] [147, 127, 70, 255]
merge [270.2] [270.3]
merge [270.0] [270.1]
merge [271] [272]
cut [273] [y] [210]
color [273.0] [131, 109, 51, 255]
merge [273.0] [273.1]
cut [274] [306, 210]
color [274.0] [246, 208, 59, 255]
merge [274.2] [274.1]
merge [274.0] [274.3]
merge [275] [276]
cut [277] [240, 210]
color [277.0] [220, 178, 67, 255]
merge [277.2] [277.1]
merge [277.0] [277.3]
merge [278] [279]
cut [280] [199, 210]
color [280.0] [241, 206, 71, 255]
merge [280.2] [280.3]
merge [280.0] [280.1]
merge [281] [282]
cut [283] [168, 210]
color [283.0] [246, 214, 67, 255]
merge [283.2] [283.3]
merge [283.0] [283.1]
merge [284] [285]
cut [286] [129, 210]
color [286.0] [147, 127, 70, 255]
merge [286.2] [286.3]
merge [286.0] [286.1]
merge [287] [288]
cut [289] [y] [159]
color [289.0] [123, 103, 48, 255]
merge [289.0] [289.1]
cut [290] [351, 159]
color [290.0] [115, 96, 44, 255]
merge [290.2] [290.3]
merge [290.0] [290.1]
merge [291] [292]
cut [293] [306, 159]
color [293.0] [241, 196, 53, 255]
merge [293.2] [293.3]
merge [293.0] [293.1]
merge [294] [295]
cut [296] [240, 159]
color [296.0] [227, 190, 66, 255]
merge [296.2] [296.3]
merge [296.0] [296.1]
merge [297] [298]
cut [299] [199, 159]
color [299.0] [237, 199, 60, 255]
merge [299.2] [299.1]
merge [299.0] [299.3]
merge [300] [301]
cut [302] [129, 159]
color [302.0] [147, 127, 70, 255]
merge [302.2] [302.3]
merge [302.0] [302.1]
merge [303] [304]
cut [305] [53, 159]
color [305.0] [121, 111, 68, 255]
merge [305.2] [305.3]
merge [305.0] [305.1]
merge [306] [307]
cut [308] [y] [129]
color [308.0] [109, 91, 44, 255]
merge [308.0] [308.1]
cut [309] [351, 129]
color [309.0] [151, 134, 60, 255]
merge [309.2] [309.3]
merge [309.0] [309.1]
merge [310] [311]
cut [312] [306, 129]
color [312.0] [224, 192, 87, 255]
merge [312.2] [312.3]
merge [312.0] [312.1]
merge [313] [314]
cut [315] [270, 129]
color [315.0] [232, 191, 63, 255]
merge [315.2] [315.3]
merge [315.0] [315.1]
merge [316] [317]
cut [318] [240, 129]
color [318.0] [220, 167, 70, 255]
merge [318.2] [318.3]
merge [318.0] [318.1]
merge [319] [320]
cut [321] [199, 129]
color [321.0] [237, 199, 60, 255]
merge [321.2] [321.3]
merge [321.0] [321.1]
merge [322] [323]
cut [324] [129, 129]
color [324.0] [147, 127, 70, 255]
merge [324.2] [324.3]
merge [324.0] [324.1]
merge [325] [326]
cut [327] [89, 129]
color [327.0] [121, 111, 68, 255]
merge [327.2] [327.3]
merge [327.0] [327.1]
merge [328] [329]
cut [330] [y] [95]
color [330.0] [100, 85, 39, 255]
merge [330.0] [330.1]
cut [331] [306, 95]
color [331.0] [154, 138, 63, 255]
merge [331.2] [331.3]
merge [331.0] [331.1]
merge [332] [333]
cut [334] [240, 95]
color [334.0] [218, 174, 57, 255]
merge [334.2] [334.3]
merge [334.0] [334.1]
merge [335] [336]
cut [337] [129, 95]
color [337.0] [105, 127, 79, 255]
merge [337.2] [337.3]
merge [337.0] [337.1]
merge [338] [339]
cut [340] [240, 64]
color [340.0] [154, 138, 63, 255]
merge [340.2] [340.1]
merge [340.0] [340.3]
merge [341] [342]
cut [343] [199, 64]
color [343.0] [105, 127, 79, 255]
merge [343.2] [343.1]
merge [343.0] [343.3]
merge [344] [345]
cut [346] [y] [30]
color [346.0] [66, 63, 34, 255]
merge [346.0] [346.1]
cut [347] [306, 30]
color [347.0] [105, 127, 79, 255]
merge [347.2] [347.1]
merge [347.0] [347.3]
merge [348] [349]
#$39107
