color [0] [82, 105, 154, 255]
cut [0] [x] [382]
color [0.0] [66, 91, 148, 255]
merge [0.0] [0.1]
cut [1] [x] [316]
color [1.0] [111, 133, 131, 255]
merge [1.0] [1.1]
cut [2] [x] [298]
color [2.0] [108, 135, 152, 255]
merge [2.0] [2.1]
cut [3] [x] [279]
color [3.0] [55, 74, 148, 255]
merge [3.0] [3.1]
cut [4] [x] [235]
color [4.0] [69, 93, 148, 255]
merge [4.0] [4.1]
cut [5] [x] [197]
color [5.0] [124, 138, 130, 255]
merge [5.0] [5.1]
cut [6] [x] [174]
color [6.0] [116, 140, 147, 255]
merge [6.0] [6.1]
cut [7] [x] [127]
color [7.0] [38, 51, 116, 255]
merge [7.0] [7.1]
cut [8] [x] [109]
color [8.0] [78, 105, 123, 255]
merge [8.0] [8.1]
cut [9] [x] [87]
color [9.0] [56, 79, 152, 255]
merge [9.0] [9.1]
cut [10] [x] [47]
color [10.0] [146, 163, 144, 255]
merge [10.0] [10.1]
cut [11] [y] [381]
color [11.0] [80, 114, 169, 255]
merge [11.0] [11.1]
cut [12] [382, 381]
color [12.0] [66, 91, 148, 255]
merge [12.2] [12.1]
merge [12.0] [12.3]
merge [13] [14]
cut [15] [364, 381]
color [15.0] [49, 64, 127, 255]
merge [15.2] [15.1]
merge [15.0] [15.3]
merge [16] [17]
cut [18] [334, 381]
color [18.0] [66, 91, 148, 255]
merge [18.2] [18.1]
merge [18.0] [18.3]
merge [19] [20]
cut [21] [316, 381]
color [21.0] [130, 153, 135, 255]
merge [21.2] [21.1]
merge [21.0] [21.3]
merge [22] [23]
cut [24] [279, 381]
color [24.0] [55, 74, 148, 255]
merge [24.2] [24.1]
merge [24.0] [24.3]
merge [25] [26]
cut [27] [259, 381]
color [27.0] [43, 57, 135, 255]
merge [27.2] [27.1]
merge [27.0] [27.3]
merge [28] [29]
cut [30] [235, 381]
color [30.0] [50, 71, 144, 255]
merge [30.2] [30.1]
merge [30.0] [30.3]
merge [31] [32]
cut [33] [87, 381]
color [33.0] [44, 44, 51, 255]
merge [33.2] [33.1]
merge [33.0] [33.3]
merge [34] [35]
cut [36] [66, 381]
color [36.0] [56, 79, 152, 255]
merge [36.2] [36.1]
merge [36.0] [36.3]
merge [37] [38]
cut [39] [382, 350]
color [39.0] [71, 102, 171, 255]
merge [39.2] [39.1]
merge [39.0] [39.3]
merge [40] [41]
cut [42] [364, 350]
color [42.0] [79, 113, 162, 255]
merge [42.2] [42.1]
merge [42.0] [42.3]
merge [43] [44]
cut [45] [334, 350]
color [45.0] [66, 91, 148, 255]
merge [45.2] [45.1]
merge [45.0] [45.3]
merge [46] [47]
cut [48] [279, 350]
color [48.0] [88, 114, 153, 255]
merge [48.2] [48.1]
merge [48.0] [48.3]
merge [49] [50]
cut [51] [235, 350]
color [51.0] [118, 139, 161, 255]
merge [51.2] [51.1]
merge [51.0] [51.3]
merge [52] [53]
cut [54] [197, 350]
color [54.0] [93, 128, 166, 255]
merge [54.2] [54.1]
merge [54.0] [54.3]
merge [55] [56]
cut [57] [174, 350]
color [57.0] [66, 94, 155, 255]
merge [57.2] [57.1]
merge [57.0] [57.3]
merge [58] [59]
cut [60] [127, 350]
color [60.0] [52, 79, 150, 255]
merge [60.2] [60.1]
merge [60.0] [60.3]
merge [61] [62]
cut [63] [109, 350]
color [63.0] [163, 164, 77, 255]
merge [63.2] [63.1]
merge [63.0] [63.3]
merge [64] [65]
cut [66] [87, 350]
color [66.0] [85, 104, 76, 255]
merge [66.2] [66.1]
merge [66.0] [66.3]
merge [67] [68]
cut [69] [66, 350]
color [69.0] [56, 79, 152, 255]
merge [69.2] [69.1]
merge [69.0] [69.3]
merge [70] [71]
cut [72] [382, 328]
color [72.0] [112, 145, 177, 255]
merge [72.2] [72.1]
merge [72.0] [72.3]
merge [73] [74]
cut [75] [364, 328]
color [75.0] [158, 169, 150, 255]
merge [75.2] [75.1]
merge [75.0] [75.3]
merge [76] [77]
cut [78] [334, 328]
color [78.0] [83, 111, 150, 255]
merge [78.2] [78.1]
merge [78.0] [78.3]
merge [79] [80]
cut [81] [316, 328]
color [81.0] [66, 91, 148, 255]
merge [81.2] [81.1]
merge [81.0] [81.3]
merge [82] [83]
cut [84] [298, 328]
color [84.0] [120, 144, 179, 255]
merge [84.2] [84.1]
merge [84.0] [84.3]
merge [85] [86]
cut [87] [279, 328]
color [87.0] [91, 123, 168, 255]
merge [87.2] [87.1]
merge [87.0] [87.3]
merge [88] [89]
cut [90] [259, 328]
color [90.0] [105, 131, 164, 255]
merge [90.2] [90.1]
merge [90.0] [90.3]
merge [91] [92]
cut [93] [235, 328]
color [93.0] [101, 121, 150, 255]
merge [93.2] [93.1]
merge [93.0] [93.3]
merge [94] [95]
cut [96] [197, 328]
color [96.0] [130, 145, 149, 255]
merge [96.2] [96.1]
merge [96.0] [96.3]
merge [97] [98]
cut [99] [174, 328]
color [99.0] [95, 126, 164, 255]
merge [99.2] [99.1]
merge [99.0] [99.3]
merge [100] [101]
cut [102] [127, 328]
color [102.0] [60, 90, 164, 255]
merge [102.2] [102.1]
merge [102.0] [102.3]
merge [103] [104]
cut [105] [109, 328]
color [105.0] [76, 104, 150, 255]
merge [105.2] [105.1]
merge [105.0] [105.3]
merge [106] [107]
cut [108] [87, 328]
color [108.0] [56, 79, 152, 255]
merge [108.2] [108.1]
merge [108.0] [108.3]
merge [109] [110]
cut [111] [364, 310]
color [111.0] [125, 154, 167, 255]
merge [111.2] [111.1]
merge [111.0] [111.3]
merge [112] [113]
cut [114] [334, 310]
color [114.0] [80, 114, 169, 255]
merge [114.2] [114.1]
merge [114.0] [114.3]
merge [115] [116]
cut [117] [316, 310]
color [117.0] [91, 123, 168, 255]
merge [117.2] [117.1]
merge [117.0] [117.3]
merge [118] [119]
cut [120] [235, 310]
color [120.0] [73, 107, 158, 255]
merge [120.2] [120.1]
merge [120.0] [120.3]
merge [121] [122]
cut [123] [197, 310]
color [123.0] [63, 96, 150, 255]
merge [123.2] [123.1]
merge [123.0] [123.3]
merge [124] [125]
cut [126] [174, 310]
color [126.0] [113, 143, 172, 255]
merge [126.2] [126.1]
merge [126.0] [126.3]
merge [127] [128]
cut [129] [87, 310]
color [129.0] [62, 74, 104, 255]
merge [129.2] [129.3]
merge [129.0] [129.1]
merge [130] [131]
cut [132] [66, 310]
color [132.0] [66, 99, 159, 255]
merge [132.2] [132.3]
merge [132.0] [132.1]
merge [133] [134]
cut [135] [47, 310]
color [135.0] [119, 149, 177, 255]
merge [135.2] [135.3]
merge [135.0] [135.1]
merge [136] [137]
cut [138] [382, 287]
color [138.0] [89, 131, 183, 255]
merge [138.2] [138.1]
merge [138.0] [138.3]
merge [139] [140]
cut [141] [364, 287]
color [141.0] [80, 114, 169, 255]
merge [141.2] [141.1]
merge [141.0] [141.3]
merge [142] [143]
cut [144] [316, 287]
color [144.0] [66, 89, 149, 255]
merge [144.2] [144.1]
merge [144.0] [144.3]
merge [145] [146]
cut [147] [298, 287]
color [147.0] [96, 130, 168, 255]
merge [147.2] [147.1]
merge [147.0] [147.3]
merge [148] [149]
cut [150] [174, 287]
color [150.0] [105, 137, 147, 255]
merge [150.2] [150.1]
merge [150.0] [150.3]
merge [151] [152]
cut [153] [127, 287]
color [153.0] [113, 143, 172, 255]
merge [153.2] [153.1]
merge [153.0] [153.3]
merge [154] [155]
cut [156] [87, 287]
color [156.0] [36, 41, 39, 255]
merge [156.2] [156.3]
merge [156.0] [156.1]
merge [157] [158]
cut [159] [66, 287]
color [159.0] [119, 149, 177, 255]
merge [159.2] [159.3]
merge [159.0] [159.1]
merge [160] [161]
cut [162] [382, 269]
color [162.0] [80, 114, 169, 255]
merge [162.2] [162.1]
merge [162.0] [162.3]
merge [163] [164]
cut [165] [298, 269]
color [165.0] [96, 130, 168, 255]
merge [165.2] [165.1]
merge [165.0] [165.3]
merge [166] [167]
cut [168] [174, 269]
color [168.0] [93, 128, 158, 255]
merge [168.2] [168.1]
merge [168.0] [168.3]
merge [169] [170]
cut [171] [127, 269]
color [171.0] [63, 99, 149, 255]
merge [171.2] [171.3]
merge [171.0] [171.1]
merge [172] [173]
cut [174] [109, 269]
color [174.0] [113, 143, 172, 255]
merge [174.2] [174.3]
merge [174.0] [174.1]
merge [175] [176]
cut [177] [87, 269]
color [177.0] [36, 41, 39, 255]
merge [177.2] [177.3]
merge [177.0] [177.1]
merge [178] [179]
cut [180] [66, 269]
color [180.0] [93, 123, 135, 255]
merge [180.2] [180.3]
merge [180.0] [180.1]
merge [181] [182]
cut [183] [47, 269]
color [183.0] [119, 149, 177, 255]
merge [183.2] [183.3]
merge [183.0] [183.1]
merge [184] [185]
cut [186] [382, 249]
color [186.0] [110, 139, 179, 255]
merge [186.2] [186.1]
merge [186.0] [186.3]
merge [187] [188]
cut [189] [364, 249]
color [189.0] [118, 143, 175, 255]
merge [189.2] [189.1]
merge [189.0] [189.3]
merge [190] [191]
cut [192] [334, 249]
color [192.0] [134, 157, 176, 255]
merge [192.2] [192.1]
merge [192.0] [192.3]
merge [193] [194]
cut [195] [316, 249]
color [195.0] [107, 136, 158, 255]
merge [195.2] [195.1]
merge [195.0] [195.3]
merge [196] [197]
cut [198] [298, 249]
color [198.0] [95, 129, 168, 255]
merge [198.2] [198.1]
merge [198.0] [198.3]
merge [199] [200]
cut [201] [279, 249]
color [201.0] [98, 130, 168, 255]
merge [201.2] [201.1]
merge [201.0] [201.3]
merge [202] [203]
cut [204] [259, 249]
color [204.0] [96, 130, 168, 255]
merge [204.2] [204.1]
merge [204.0] [204.3]
merge [205] [206]
cut [207] [197, 249]
color [207.0] [125, 151, 185, 255]
merge [207.2] [207.1]
merge [207.0] [207.3]
merge [208] [209]
cut [210] [174, 249]
color [210.0] [69, 108, 162, 255]
merge [210.2] [210.1]
merge [210.0] [210.3]
merge [211] [212]
cut [213] [127, 249]
color [213.0] [47, 71, 113, 255]
merge [213.2] [213.3]
merge [213.0] [213.1]
merge [214] [215]
cut [216] [109, 249]
color [216.0] [68, 103, 148, 255]
merge [216.2] [216.3]
merge [216.0] [216.1]
merge [217] [218]
cut [219] [87, 249]
color [219.0] [36, 41, 39, 255]
merge [219.2] [219.3]
merge [219.0] [219.1]
merge [220] [221]
cut [222] [47, 249]
color [222.0] [119, 149, 177, 255]
merge [222.2] [222.3]
merge [222.0] [222.1]
merge [223] [224]
cut [225] [364, 230]
color [225.0] [95, 129, 168, 255]
merge [225.2] [225.1]
merge [225.0] [225.3]
merge [226] [227]
cut [228] [279, 230]
color [228.0] [96, 130, 168, 255]
merge [228.2] [228.1]
merge [228.0] [228.3]
merge [229] [230]
cut [231] [197, 230]
color [231.0] [125, 151, 185, 255]
merge [231.2] [231.1]
merge [231.0] [231.3]
merge [232] [233]
cut [234] [174, 230]
color [234.0] [136, 160, 173, 255]
merge [234.2] [234.3]
merge [234.0] [234.1]
merge [235] [236]
cut [237] [127, 230]
color [237.0] [82, 122, 164, 255]
merge [237.2] [237.3]
merge [237.0] [237.1]
merge [238] [239]
cut [240] [109, 230]
color [240.0] [53, 58, 60, 255]
merge [240.2] [240.3]
merge [240.0] [240.1]
merge [241] [242]
cut [243] [87, 230]
color [243.0] [36, 41, 39, 255]
merge [243.2] [243.3]
merge [243.0] [243.1]
merge [244] [245]
cut [246] [47, 230]
color [246.0] [95, 132, 164, 255]
merge [246.2] [246.3]
merge [246.0] [246.1]
merge [247] [248]
cut [249] [y] [192]
color [249.0] [158, 181, 167, 255]
merge [249.0] [249.1]
cut [250] [382, 192]
color [250.0] [95, 129, 168, 255]
merge [250.2] [250.3]
merge [250.0] [250.1]
merge [251] [252]
cut [253] [334, 192]
color [253.0] [114, 146, 174, 255]
merge [253.2] [253.3]
merge [253.0] [253.1]
merge [254] [255]
cut [256] [316, 192]
color [256.0] [80, 118, 158, 255]
merge [256.2] [256.3]
merge [256.0] [256.1]
merge [257] [258]
cut [259] [298, 192]
color [259.0] [62, 99, 145, 255]
merge [259.2] [259.3]
merge [259.0] [259.1]
merge [260] [261]
cut [262] [279, 192]
color [262.0] [96, 130, 168, 255]
merge [262.2] [262.3]
merge [262.0] [262.1]
merge [263] [264]
cut [265] [197, 192]
color [265.0] [168, 181, 176, 255]
merge [265.2] [265.3]
merge [265.0] [265.1]
merge [266] [267]
cut [268] [174, 192]
color [268.0] [190, 195, 166, 255]
merge [268.2] [268.3]
merge [268.0] [268.1]
merge [269] [270]
cut [271] [127, 192]
color [271.0] [82, 122, 164, 255]
merge [271.2] [271.3]
merge [271.0] [271.1]
merge [272] [273]
cut [274] [109, 192]
color [274.0] [53, 58, 60, 255]
merge [274.2] [274.3]
merge [274.0] [274.1]
merge [275] [276]
cut [277] [87, 192]
color [277.0] [36, 41, 39, 255]
merge [277.2] [277.3]
merge [277.0] [277.1]
merge [278] [279]
cut [280] [47, 192]
color [280.0] [95, 132, 164, 255]
merge [280.2] [280.3]
merge [280.0] [280.1]
merge [281] [282]
cut [283] [y] [174]
color [283.0] [140, 169, 171, 255]
merge [283.0] [283.1]
cut [284] [316, 174]
color [284.0] [130, 158, 162, 255]
merge [284.2] [284.3]
merge [284.0] [284.1]
merge [285] [286]
cut [287] [259, 174]
color [287.0] [115, 145, 159, 255]
merge [287.2] [287.3]
merge [287.0] [287.1]
merge [288] [289]
cut [290] [197, 174]
color [290.0] [158, 174, 173, 255]
merge [290.2] [290.3]
merge [290.0] [290.1]
merge [291] [292]
cut [293] [127, 174]
color [293.0] [66, 93, 125, 255]
merge [293.2] [293.3]
merge [293.0] [293.1]
merge [294] [295]
cut [296] [109, 174]
color [296.0] [36, 41, 39, 255]
merge [296.2] [296.3]
merge [296.0] [296.1]
merge [297] [298]
cut [299] [47, 174]
color [299.0] [95, 132, 164, 255]
merge [299.2] [299.3]
merge [299.0] [299.1]
merge [300] [301]
cut [302] [y] [143]
color [302.0] [47, 62, 98, 255]
merge [302.0] [302.1]
cut [303] [382, 143]
color [303.0] [58, 79, 139, 255]
merge [303.2] [303.3]
merge [303.0] [303.1]
merge [304] [305]
cut [306] [364, 143]
color [306.0] [36, 46, 82, 255]
merge [306.2] [306.3]
merge [306.0] [306.1]
merge [307] [308]
cut [309] [334, 143]
color [309.0] [46, 64, 113, 255]
merge [309.2] [309.1]
merge [309.0] [309.3]
merge [310] [311]
cut [312] [298, 143]
color [312.0] [60, 84, 139, 255]
merge [312.2] [312.1]
merge [312.0] [312.3]
merge [313] [314]
cut [315] [279, 143]
color [315.0] [86, 115, 148, 255]
merge [315.2] [315.1]
merge [315.0] [315.3]
merge [316] [317]
cut [318] [259, 143]
color [318.0] [107, 138, 154, 255]
merge [318.2] [318.3]
merge [318.0] [318.1]
merge [319] [320]
cut [321] [127, 143]
color [321.0] [36, 41, 39, 255]
merge [321.2] [321.3]
merge [321.0] [321.1]
merge [322] [323]
cut [324] [47, 143]
color [324.0] [95, 132, 164, 255]
merge [324.2] [324.3]
merge [324.0] [324.1]
merge [325] [326]
cut [327] [y] [116]
color [327.0] [70, 100, 149, 255]
merge [327.0] [327.1]
cut [328] [364, 116]
color [328.0] [51, 71, 141, 255]
merge [328.2] [328.3]
merge [328.0] [328.1]
merge [329] [330]
cut [331] [334, 116]
color [331.0] [46, 64, 113, 255]
merge [331.2] [331.3]
merge [331.0] [331.1]
merge [332] [333]
cut [334] [298, 116]
color [334.0] [60, 84, 139, 255]
merge [334.2] [334.3]
merge [334.0] [334.1]
merge [335] [336]
cut [337] [259, 116]
color [337.0] [53, 74, 129, 255]
merge [337.2] [337.3]
merge [337.0] [337.1]
merge [338] [339]
cut [340] [235, 116]
color [340.0] [36, 41, 39, 255]
merge [340.2] [340.3]
merge [340.0] [340.1]
merge [341] [342]
cut [343] [197, 116]
color [343.0] [46, 68, 142, 255]
merge [343.2] [343.3]
merge [343.0] [343.1]
merge [344] [345]
cut [346] [174, 116]
color [346.0] [36, 41, 39, 255]
merge [346.2] [346.3]
merge [346.0] [346.1]
merge [347] [348]
cut [349] [47, 116]
color [349.0] [95, 132, 164, 255]
merge [349.2] [349.3]
merge [349.0] [349.1]
merge [350] [351]
cut [352] [y] [96]
color [352.0] [59, 84, 89, 255]
merge [352.0] [352.1]
cut [353] [364, 96]
color [353.0] [52, 75, 108, 255]
merge [353.2] [353.3]
merge [353.0] [353.1]
merge [354] [355]
cut [356] [279, 96]
color [356.0] [60, 84, 139, 255]
merge [356.2] [356.3]
merge [356.0] [356.1]
merge [357] [358]
cut [359] [259, 96]
color [359.0] [36, 41, 39, 255]
merge [359.2] [359.3]
merge [359.0] [359.1]
merge [360] [361]
cut [362] [y] [71]
color [362.0] [46, 61, 75, 255]
merge [362.0] [362.1]
cut [363] [364, 71]
color [363.0] [52, 75, 108, 255]
merge [363.2] [363.3]
merge [363.0] [363.1]
merge [364] [365]
cut [366] [298, 71]
color [366.0] [36, 41, 39, 255]
merge [366.2] [366.1]
merge [366.0] [366.3]
merge [367] [368]
cut [369] [364, 50]
color [369.0] [36, 41, 39, 255]
merge [369.2] [369.3]
merge [369.0] [369.1]
merge [370] [371]
#$39468
