color [0] [113, 109, 81, 255]
cut [0] [x] [34]
color [0.1] [119, 116, 89, 255]
merge [0.0] [0.1]
cut [1] [x] [100]
color [1.1] [111, 109, 84, 255]
merge [1.0] [1.1]
cut [2] [x] [183]
color [2.1] [113, 114, 94, 255]
merge [2.0] [2.1]
cut [3] [x] [241]
color [3.1] [128, 125, 102, 255]
merge [3.0] [3.1]
cut [4] [x] [322]
color [4.1] [122, 121, 95, 255]
merge [4.0] [4.1]
cut [5] [y] [343]
color [5.0] [144, 140, 105, 255]
merge [5.0] [5.1]
cut [6] [34, 343]
color [6.1] [152, 147, 109, 255]
merge [6.2] [6.1]
merge [6.0] [6.3]
merge [7] [8]
cut [9] [147, 343]
color [9.1] [132, 115, 68, 255]
merge [9.2] [9.1]
merge [9.0] [9.3]
merge [10] [11]
cut [12] [183, 343]
color [12.1] [67, 54, 40, 255]
merge [12.2] [12.1]
merge [12.0] [12.3]
merge [13] [14]
cut [15] [241, 343]
color [15.1] [144, 141, 110, 255]
merge [15.2] [15.1]
merge [15.0] [15.3]
merge [16] [17]
cut [18] [322, 343]
color [18.1] [143, 139, 99, 255]
merge [18.2] [18.1]
merge [18.0] [18.3]
merge [19] [20]
cut [21] [34, 310]
color [21.1] [173, 164, 119, 255]
merge [21.2] [21.1]
merge [21.0] [21.3]
merge [22] [23]
cut [24] [100, 310]
color [24.1] [167, 159, 116, 255]
merge [24.2] [24.1]
merge [24.0] [24.3]
merge [25] [26]
cut [27] [147, 310]
color [27.1] [214, 166, 99, 255]
merge [27.2] [27.1]
merge [27.0] [27.3]
merge [28] [29]
cut [30] [183, 310]
color [30.1] [162, 112, 60, 255]
merge [30.2] [30.1]
merge [30.0] [30.3]
merge [31] [32]
cut [33] [241, 310]
color [33.1] [49, 41, 35, 255]
merge [33.2] [33.1]
merge [33.0] [33.3]
merge [34] [35]
cut [36] [275, 310]
color [36.1] [154, 149, 103, 255]
merge [36.2] [36.1]
merge [36.0] [36.3]
merge [37] [38]
cut [39] [y] [277]
color [39.0] [90, 85, 63, 255]
merge [39.0] [39.1]
cut [40] [34, 277]
color [40.1] [115, 105, 74, 255]
merge [40.2] [40.1]
merge [40.0] [40.3]
merge [41] [42]
cut [43] [67, 277]
color [43.1] [103, 96, 64, 255]
merge [43.2] [43.1]
merge [43.0] [43.3]
merge [44] [45]
cut [46] [100, 277]
color [46.1] [102, 88, 55, 255]
merge [46.2] [46.1]
merge [46.0] [46.3]
merge [47] [48]
cut [49] [147, 277]
color [49.1] [185, 130, 73, 255]
merge [49.2] [49.1]
merge [49.0] [49.3]
merge [50] [51]
cut [52] [183, 277]
color [52.1] [132, 87, 49, 255]
merge [52.2] [52.1]
merge [52.0] [52.3]
merge [53] [54]
cut [55] [241, 277]
color [55.1] [49, 41, 35, 255]
merge [55.2] [55.1]
merge [55.0] [55.3]
merge [56] [57]
cut [58] [275, 277]
color [58.1] [77, 77, 60, 255]
merge [58.2] [58.3]
merge [58.0] [58.1]
merge [59] [60]
cut [61] [322, 277]
color [61.1] [141, 131, 81, 255]
merge [61.2] [61.3]
merge [61.0] [61.1]
merge [62] [63]
cut [64] [y] [242]
color [64.0] [66, 58, 42, 255]
merge [64.0] [64.1]
cut [65] [34, 242]
color [65.1] [78, 71, 50, 255]
merge [65.2] [65.1]
merge [65.0] [65.3]
merge [66] [67]
cut [68] [100, 242]
color [68.1] [65, 54, 38, 255]
merge [68.2] [68.1]
merge [68.0] [68.3]
merge [69] [70]
cut [71] [147, 242]
color [71.1] [157, 103, 57, 255]
merge [71.2] [71.1]
merge [71.0] [71.3]
merge [72] [73]
cut [74] [183, 242]
color [74.1] [110, 72, 44, 255]
merge [74.2] [74.1]
merge [74.0] [74.3]
merge [75] [76]
cut [77] [241, 242]
color [77.1] [49, 41, 35, 255]
merge [77.2] [77.3]
merge [77.0] [77.1]
merge [78] [79]
cut [80] [275, 242]
color [80.1] [66, 62, 45, 255]
merge [80.2] [80.3]
merge [80.0] [80.1]
merge [81] [82]
cut [83] [y] [191]
color [83.0] [59, 51, 36, 255]
merge [83.0] [83.1]
cut [84] [34, 191]
color [84.1] [78, 71, 50, 255]
merge [84.2] [84.3]
merge [84.0] [84.1]
merge [85] [86]
cut [87] [67, 191]
color [87.1] [83, 77, 61, 255]
merge [87.2] [87.3]
merge [87.0] [87.1]
merge [88] [89]
cut [90] [147, 191]
color [90.1] [44, 35, 29, 255]
merge [90.2] [90.3]
merge [90.0] [90.1]
merge [91] [92]
cut [93] [183, 191]
color [93.1] [77, 54, 37, 255]
merge [93.2] [93.3]
merge [93.0] [93.1]
merge [94] [95]
cut [96] [241, 191]
color [96.1] [49, 41, 35, 255]
merge [96.2] [96.3]
merge [96.0] [96.1]
merge [97] [98]
cut [99] [275, 191]
color [99.1] [66, 62, 45, 255]
merge [99.2] [99.3]
merge [99.0] [99.1]
merge [100] [101]
cut [102] [y] [158]
color [102.0] [81, 58, 36, 255]
merge [102.0] [102.1]
cut [103] [34, 158]
color [103.1] [96, 71, 38, 255]
merge [103.2] [103.3]
merge [103.0] [103.1]
merge [104] [105]
cut [106] [67, 158]
color [106.1] [84, 61, 31, 255]
merge [106.2] [106.3]
merge [106.0] [106.1]
merge [107] [108]
cut [109] [100, 158]
color [109.1] [56, 45, 33, 255]
merge [109.2] [109.3]
merge [109.0] [109.1]
merge [110] [111]
cut [112] [147, 158]
color [112.1] [166, 116, 63, 255]
merge [112.2] [112.3]
merge [112.0] [112.1]
merge [113] [114]
cut [115] [183, 158]
color [115.1] [193, 144, 82, 255]
merge [115.2] [115.1]
merge [115.0] [115.3]
merge [116] [117]
cut [118] [241, 158]
color [118.1] [75, 48, 31, 255]
merge [118.2] [118.3]
merge [118.0] [118.1]
merge [119] [120]
cut [121] [275, 158]
color [121.1] [46, 34, 23, 255]
merge [121.2] [121.3]
merge [121.0] [121.1]
merge [122] [123]
cut [124] [322, 158]
color [124.1] [92, 70, 33, 255]
merge [124.2] [124.3]
merge [124.0] [124.1]
merge [125] [126]
cut [127] [y] [115]
color [127.0] [93, 56, 32, 255]
merge [127.0] [127.1]
cut [128] [34, 115]
color [128.1] [107, 66, 35, 255]
merge [128.2] [128.3]
merge [128.0] [128.1]
merge [129] [130]
cut [131] [100, 115]
color [131.1] [56, 45, 33, 255]
merge [131.2] [131.3]
merge [131.0] [131.1]
merge [132] [133]
cut [134] [147, 115]
color [134.1] [213, 168, 100, 255]
merge [134.2] [134.3]
merge [134.0] [134.1]
merge [135] [136]
cut [137] [241, 115]
color [137.1] [75, 48, 31, 255]
merge [137.2] [137.3]
merge [137.0] [137.1]
merge [138] [139]
cut [140] [275, 115]
color [140.1] [46, 34, 23, 255]
merge [140.2] [140.3]
merge [140.0] [140.1]
merge [141] [142]
cut [143] [y] [77]
color [143.0] [68, 47, 34, 255]
merge [143.0] [143.1]
cut [144] [34, 77]
color [144.1] [117, 61, 35, 255]
merge [144.2] [144.3]
merge [144.0] [144.1]
merge [145] [146]
cut [147] [67, 77]
color [147.1] [46, 34, 23, 255]
merge [147.2] [147.3]
merge [147.0] [147.1]
merge [148] [149]
#$23596
