color [0] [20, 23, 25, 255]
cut [0] [x] [332]
color [0.0] [118, 76, 34, 255]
merge [0.0] [0.1]
cut [1] [x] [288]
color [1.0] [66, 55, 31, 255]
merge [1.0] [1.1]
cut [2] [x] [211]
color [2.0] [82, 73, 42, 255]
merge [2.0] [2.1]
cut [3] [x] [177]
color [3.0] [64, 56, 38, 255]
merge [3.0] [3.1]
cut [4] [x] [141]
color [4.0] [58, 47, 35, 255]
merge [4.0] [4.1]
cut [5] [x] [106]
color [5.0] [43, 41, 29, 255]
merge [5.0] [5.1]
cut [6] [x] [65]
color [6.0] [20, 22, 29, 255]
merge [6.0] [6.1]
cut [7] [332, 356]
color [7.0] [34, 26, 25, 255]
merge [7.2] [7.1]
merge [7.0] [7.3]
merge [8] [9]
cut [10] [288, 356]
color [10.0] [54, 41, 28, 255]
merge [10.2] [10.1]
merge [10.0] [10.3]
merge [11] [12]
cut [13] [250, 356]
color [13.0] [49, 49, 49, 255]
merge [13.2] [13.1]
merge [13.0] [13.3]
merge [14] [15]
cut [16] [211, 356]
color [16.0] [82, 75, 68, 255]
merge [16.2] [16.1]
merge [16.0] [16.3]
merge [17] [18]
cut [19] [177, 356]
color [19.0] [140, 104, 48, 255]
merge [19.2] [19.1]
merge [19.0] [19.3]
merge [20] [21]
cut [22] [141, 356]
color [22.0] [122, 86, 41, 255]
merge [22.2] [22.1]
merge [22.0] [22.3]
merge [23] [24]
cut [25] [106, 356]
color [25.0] [20, 22, 29, 255]
merge [25.2] [25.1]
merge [25.0] [25.3]
merge [26] [27]
cut [28] [y] [306]
color [28.0] [27, 29, 35, 255]
merge [28.0] [28.1]
cut [29] [332, 306]
color [29.0] [34, 26, 25, 255]
merge [29.2] [29.1]
merge [29.0] [29.3]
merge [30] [31]
cut [32] [288, 306]
color [32.0] [45, 26, 24, 255]
merge [32.2] [32.1]
merge [32.0] [32.3]
merge [33] [34]
cut [35] [250, 306]
color [35.0] [63, 60, 52, 255]
merge [35.2] [35.1]
merge [35.0] [35.3]
merge [36] [37]
cut [38] [211, 306]
color [38.0] [87, 53, 39, 255]
merge [38.2] [38.1]
merge [38.0] [38.3]
merge [39] [40]
cut [41] [177, 306]
color [41.0] [168, 115, 57, 255]
merge [41.2] [41.1]
merge [41.0] [41.3]
merge [42] [43]
cut [44] [141, 306]
color [44.0] [144, 96, 57, 255]
merge [44.2] [44.1]
merge [44.0] [44.3]
merge [45] [46]
cut [47] [106, 306]
color [47.0] [174, 128, 71, 255]
merge [47.2] [47.1]
merge [47.0] [47.3]
merge [48] [49]
cut [50] [65, 306]
color [50.0] [20, 22, 29, 255]
merge [50.2] [50.3]
merge [50.0] [50.1]
merge [51] [52]
cut [53] [332, 269]
color [53.0] [22, 24, 24, 255]
merge [53.2] [53.1]
merge [53.0] [53.3]
merge [54] [55]
cut [56] [288, 269]
color [56.0] [36, 32, 28, 255]
merge [56.2] [56.1]
merge [56.0] [56.3]
merge [57] [58]
cut [59] [250, 269]
color [59.0] [69, 45, 31, 255]
merge [59.2] [59.1]
merge [59.0] [59.3]
merge [60] [61]
cut [62] [211, 269]
color [62.0] [104, 65, 34, 255]
merge [62.2] [62.1]
merge [62.0] [62.3]
merge [63] [64]
cut [65] [177, 269]
color [65.0] [159, 107, 50, 255]
merge [65.2] [65.1]
merge [65.0] [65.3]
merge [66] [67]
cut [68] [141, 269]
color [68.0] [123, 93, 46, 255]
merge [68.2] [68.1]
merge [68.0] [68.3]
merge [69] [70]
cut [71] [106, 269]
color [71.0] [98, 50, 32, 255]
merge [71.2] [71.3]
merge [71.0] [71.1]
merge [72] [73]
cut [74] [65, 269]
color [74.0] [20, 22, 29, 255]
merge [74.2] [74.3]
merge [74.0] [74.1]
merge [75] [76]
cut [77] [332, 235]
color [77.0] [38, 43, 48, 255]
merge [77.2] [77.1]
merge [77.0] [77.3]
merge [78] [79]
cut [80] [288, 235]
color [80.0] [83, 79, 52, 255]
merge [80.2] [80.1]
merge [80.0] [80.3]
merge [81] [82]
cut [83] [250, 235]
color [83.0] [63, 48, 40, 255]
merge [83.2] [83.1]
merge [83.0] [83.3]
merge [84] [85]
cut [86] [211, 235]
color [86.0] [87, 57, 31, 255]
merge [86.2] [86.1]
merge [86.0] [86.3]
merge [87] [88]
cut [89] [177, 235]
color [89.0] [120, 94, 49, 255]
merge [89.2] [89.3]
merge [89.0] [89.1]
merge [90] [91]
cut [92] [141, 235]
color [92.0] [102, 68, 41, 255]
merge [92.2] [92.3]
merge [92.0] [92.1]
merge [93] [94]
cut [95] [106, 235]
color [95.0] [20, 22, 29, 255]
merge [95.2] [95.3]
merge [95.0] [95.1]
merge [96] [97]
cut [98] [332, 202]
color [98.0] [53, 58, 62, 255]
merge [98.2] [98.3]
merge [98.0] [98.1]
merge [99] [100]
cut [101] [288, 202]
color [101.0] [117, 110, 70, 255]
merge [101.2] [101.3]
merge [101.0] [101.1]
merge [102] [103]
cut [104] [250, 202]
color [104.0] [109, 83, 44, 255]
merge [104.2] [104.3]
merge [104.0] [104.1]
merge [105] [106]
cut [107] [211, 202]
color [107.0] [86, 66, 35, 255]
merge [107.2] [107.3]
merge [107.0] [107.1]
merge [108] [109]
cut [110] [177, 202]
color [110.0] [102, 68, 41, 255]
merge [110.2] [110.3]
merge [110.0] [110.1]
merge [111] [112]
cut [113] [106, 202]
color [113.0] [114, 89, 47, 255]
merge [113.2] [113.3]
merge [113.0] [113.1]
merge [114] [115]
cut [116] [65, 202]
color [116.0] [20, 22, 29, 255]
merge [116.2] [116.3]
merge [116.0] [116.1]
merge [117] [118]
cut [119] [332, 169]
color [119.0] [69, 71, 66, 255]
merge [119.2] [119.3]
merge [119.0] [119.1]
merge [120] [121]
cut [122] [288, 169]
color [122.0] [88, 86, 67, 255]
merge [122.2] [122.3]
merge [122.0] [122.1]
merge [123] [124]
cut [125] [250, 169]
color [125.0] [169, 138, 58, 255]
merge [125.2] [125.3]
merge [125.0] [125.1]
merge [126] [127]
cut [128] [211, 169]
color [128.0] [142, 113, 52, 255]
merge [128.2] [128.1]
merge [128.0] [128.3]
merge [129] [130]
cut [131] [177, 169]
color [131.0] [49, 32, 32, 255]
merge [131.2] [131.3]
merge [131.0] [131.1]
merge [132] [133]
cut [134] [141, 169]
color [134.0] [20, 22, 29, 255]
merge [134.2] [134.3]
merge [134.0] [134.1]
merge [135] [136]
cut [137] [106, 169]
color [137.0] [56, 51, 42, 255]
merge [137.2] [137.3]
merge [137.0] [137.1]
merge [138] [139]
cut [140] [65, 169]
color [140.0] [20, 22, 29, 255]
merge [140.2] [140.3]
merge [140.0] [140.1]
merge [141] [142]
cut [143] [y] [134]
color [143.0] [43, 40, 38, 255]
merge [143.0] [143.1]
cut [144] [332, 134]
color [144.0] [82, 75, 50, 255]
merge [144.2] [144.1]
merge [144.0] [144.3]
merge [145] [146]
cut [147] [288, 134]
color [147.0] [117, 102, 54, 255]
merge [147.2] [147.1]
merge [147.0] [147.3]
merge [148] [149]
cut [150] [250, 134]
color [150.0] [157, 128, 56, 255]
merge [150.2] [150.3]
merge [150.0] [150.1]
merge [151] [152]
cut [153] [211, 134]
color [153.0] [182, 152, 73, 255]
merge [153.2] [153.3]
merge [153.0] [153.1]
merge [154] [155]
cut [156] [177, 134]
color [156.0] [39, 39, 36, 255]
merge [156.2] [156.1]
merge [156.0] [156.3]
merge [157] [158]
cut [159] [141, 134]
color [159.0] [20, 22, 29, 255]
merge [159.2] [159.3]
merge [159.0] [159.1]
merge [160] [161]
cut [162] [288, 65]
color [162.0] [109, 94, 55, 255]
merge [162.2] [162.1]
merge [162.0] [162.3]
merge [163] [164]
cut [165] [211, 65]
color [165.0] [129, 114, 64, 255]
merge [165.2] [165.1]
merge [165.0] [165.3]
merge [166] [167]
cut [168] [177, 65]
color [168.0] [88, 79, 49, 255]
merge [168.2] [168.1]
merge [168.0] [168.3]
merge [169] [170]
cut [171] [106, 65]
color [171.0] [20, 22, 29, 255]
merge [171.2] [171.1]
merge [171.0] [171.3]
merge [172] [173]
#$29916
