color [0] [174, 124, 39, 255]
cut [0] [x] [47]
color [0.1] [186, 141, 68, 255]
merge [0.0] [0.1]
cut [1] [x] [85]
color [1.1] [193, 149, 78, 255]
merge [1.0] [1.1]
cut [2] [x] [126]
color [2.1] [186, 141, 68, 255]
merge [2.0] [2.1]
cut [3] [x] [166]
color [3.1] [166, 118, 44, 255]
merge [3.0] [3.1]
cut [4] [x] [204]
color [4.1] [141, 93, 28, 255]
merge [4.0] [4.1]
cut [5] [x] [289]
color [5.1] [192, 146, 67, 255]
merge [5.0] [5.1]
cut [6] [x] [333]
color [6.1] [21, 15, 12, 255]
merge [6.0] [6.1]
cut [7] [y] [34]
color [7.1] [154, 104, 26, 255]
merge [7.0] [7.1]
cut [8] [47, 34]
color [8.2] [186, 141, 68, 255]
merge [8.2] [8.1]
merge [8.0] [8.3]
merge [9] [10]
cut [11] [166, 34]
color [11.2] [166, 118, 44, 255]
merge [11.2] [11.1]
merge [11.0] [11.3]
merge [12] [13]
cut [14] [204, 34]
color [14.2] [133, 88, 29, 255]
merge [14.2] [14.1]
merge [14.0] [14.3]
merge [15] [16]
cut [17] [242, 34]
color [17.2] [104, 65, 23, 255]
merge [17.2] [17.1]
merge [17.0] [17.3]
merge [18] [19]
cut [20] [289, 34]
color [20.2] [159, 114, 44, 255]
merge [20.2] [20.1]
merge [20.0] [20.3]
merge [21] [22]
cut [23] [333, 34]
color [23.2] [83, 48, 20, 255]
merge [23.2] [23.1]
merge [23.0] [23.3]
merge [24] [25]
cut [26] [y] [71]
color [26.1] [23, 19, 17, 255]
merge [26.0] [26.1]
cut [27] [47, 71]
color [27.2] [175, 128, 53, 255]
merge [27.2] [27.1]
merge [27.0] [27.3]
merge [28] [29]
cut [30] [85, 71]
color [30.2] [186, 141, 68, 255]
merge [30.2] [30.1]
merge [30.0] [30.3]
merge [31] [32]
cut [33] [126, 71]
color [33.2] [168, 131, 74, 255]
merge [33.2] [33.1]
merge [33.0] [33.3]
merge [34] [35]
cut [36] [166, 71]
color [36.2] [136, 110, 70, 255]
merge [36.2] [36.1]
merge [36.0] [36.3]
merge [37] [38]
cut [39] [204, 71]
color [39.2] [71, 50, 30, 255]
merge [39.2] [39.1]
merge [39.0] [39.3]
merge [40] [41]
cut [42] [242, 71]
color [42.2] [31, 17, 13, 255]
merge [42.2] [42.1]
merge [42.0] [42.3]
merge [43] [44]
cut [45] [289, 71]
color [45.2] [45, 29, 15, 255]
merge [45.2] [45.1]
merge [45.0] [45.3]
merge [46] [47]
cut [48] [333, 71]
color [48.2] [71, 56, 17, 255]
merge [48.2] [48.3]
merge [48.0] [48.1]
merge [49] [50]
cut [51] [y] [109]
color [51.1] [16, 14, 13, 255]
merge [51.0] [51.1]
cut [52] [47, 109]
color [52.2] [94, 61, 25, 255]
merge [52.2] [52.1]
merge [52.0] [52.3]
merge [53] [54]
cut [55] [85, 109]
color [55.2] [125, 101, 62, 255]
merge [55.2] [55.1]
merge [55.0] [55.3]
merge [56] [57]
cut [58] [126, 109]
color [58.2] [161, 133, 92, 255]
merge [58.2] [58.1]
merge [58.0] [58.3]
merge [59] [60]
cut [61] [166, 109]
color [61.2] [136, 110, 70, 255]
merge [61.2] [61.1]
merge [61.0] [61.3]
merge [62] [63]
cut [64] [204, 109]
color [64.2] [71, 50, 30, 255]
merge [64.2] [64.1]
merge [64.0] [64.3]
merge [65] [66]
cut [67] [242, 109]
color [67.2] [20, 13, 11, 255]
merge [67.2] [67.1]
merge [67.0] [67.3]
merge [68] [69]
cut [70] [47, 184]
color [70.2] [16, 14, 13, 255]
merge [70.2] [70.3]
merge [70.0] [70.1]
merge [71] [72]
cut [73] [85, 184]
color [73.2] [35, 25, 14, 255]
merge [73.2] [73.1]
merge [73.0] [73.3]
merge [74] [75]
cut [76] [126, 184]
color [76.2] [112, 85, 46, 255]
merge [76.2] [76.3]
merge [76.0] [76.1]
merge [77] [78]
cut [79] [166, 184]
color [79.2] [108, 78, 37, 255]
merge [79.2] [79.1]
merge [79.0] [79.3]
merge [80] [81]
cut [82] [289, 184]
color [82.2] [20, 13, 11, 255]
merge [82.2] [82.3]
merge [82.0] [82.1]
merge [83] [84]
cut [85] [47, 231]
color [85.2] [35, 25, 14, 255]
merge [85.2] [85.3]
merge [85.0] [85.1]
merge [86] [87]
cut [88] [126, 231]
color [88.2] [85, 64, 39, 255]
merge [88.2] [88.3]
merge [88.0] [88.1]
merge [89] [90]
cut [91] [166, 231]
color [91.2] [108, 78, 37, 255]
merge [91.2] [91.3]
merge [91.0] [91.1]
merge [92] [93]
cut [94] [204, 231]
color [94.2] [127, 95, 54, 255]
merge [94.2] [94.3]
merge [94.0] [94.1]
merge [95] [96]
cut [97] [289, 231]
color [97.2] [20, 13, 11, 255]
merge [97.2] [97.3]
merge [97.0] [97.1]
merge [98] [99]
cut [100] [47, 264]
color [100.2] [82, 58, 23, 255]
merge [100.2] [100.1]
merge [100.0] [100.3]
merge [101] [102]
cut [103] [85, 264]
color [103.2] [48, 38, 15, 255]
merge [103.2] [103.1]
merge [103.0] [103.3]
merge [104] [105]
cut [106] [126, 264]
color [106.2] [127, 96, 52, 255]
merge [106.2] [106.1]
merge [106.0] [106.3]
merge [107] [108]
cut [109] [166, 264]
color [109.2] [92, 66, 39, 255]
merge [109.2] [109.3]
merge [109.0] [109.1]
merge [110] [111]
cut [112] [204, 264]
color [112.2] [127, 95, 54, 255]
merge [112.2] [112.1]
merge [112.0] [112.3]
merge [113] [114]
cut [115] [289, 264]
color [115.2] [102, 63, 31, 255]
merge [115.2] [115.3]
merge [115.0] [115.1]
merge [116] [117]
cut [118] [333, 264]
color [118.2] [20, 13, 11, 255]
merge [118.2] [118.3]
merge [118.0] [118.1]
merge [119] [120]
cut [121] [85, 306]
color [121.2] [82, 58, 23, 255]
merge [121.2] [121.3]
merge [121.0] [121.1]
merge [122] [123]
cut [124] [126, 306]
color [124.2] [106, 74, 40, 255]
merge [124.2] [124.3]
merge [124.0] [124.1]
merge [125] [126]
cut [127] [166, 306]
color [127.2] [73, 55, 24, 255]
merge [127.2] [127.3]
merge [127.0] [127.1]
merge [128] [129]
cut [130] [204, 306]
color [130.2] [82, 58, 23, 255]
merge [130.2] [130.3]
merge [130.0] [130.1]
merge [131] [132]
cut [133] [289, 306]
color [133.2] [20, 13, 11, 255]
merge [133.2] [133.3]
merge [133.0] [133.1]
merge [134] [135]
cut [136] [126, 344]
color [136.2] [82, 58, 23, 255]
merge [136.2] [136.1]
merge [136.0] [136.3]
merge [137] [138]
cut [139] [289, 344]
color [139.2] [20, 13, 11, 255]
merge [139.2] [139.1]
merge [139.0] [139.3]
merge [140] [141]
#$25798
